-13001 13045
13 45 13 45013 -13001 43013 13 43 -13001 30
48 13 30 48 13 48013 -48002 13 -30004 48 13 48013 24
45 13 20013 13 34 45 13 45 13 24
-45001 13 34 -45002 13 45013 24
45 13 34 45 13 30 48 13 48013 19 48 13 16 48 13 48013 19 -48002 13 16 48 13 45013
13048 13 20 13 13041 -13004 23 29 39 21031
-31001 21 31 -13001 21031
-13001 21031
13 31 21 -31002 21031 13 45 13 45013 45 -13001 43013
-13001 43 -13001 13040
-13002 40 -13001 24
45 13 34 45 13 24 -45001 13 34 45 13 48
15 13 48 13 48013 40
46 26 28 13 25 13 32 13 20
-13002 20 -13019 30 48 13 48013 19 48 13 16 48 13 48013 19 48 13 48 13 16 48 13 20 -13004 23 29 39 13 41013 13 23 29 39 13 20 13 13041 13 41 13 41013 45 -13001 13045
13 45 13 45
45013 40 -13001 43013
-13001 -40002 13 43
13 13 40
-13002 40 13 48
13 48013 48 -13002 40 13 48
-13005 48013 48 13 48 13 39
-3005 13 14 39 44 13 48 13 13
13 3
13 14 39 44 -13001 13045
-13001 13048
13 48 13 13020
13 39 44 3 13 14 39 44 13 48 13 30 48 15 13 48 13 48013 48 13 48 3
13 14 39 44 13 45 3 13 14 39 44 -13001 13040
46 5 13 40 26 28 13 25 13 17 22 13 32 13 13 39
13 48 3 13 14 39 44 13 45 -3005 13 14 39 44 -13001 24 45 13 13
13 34
-45002 13 13 13 20013
24 -45001 13 34 45 13 30 48 13 48013 19 48 13 16 48 13 48013 19 -48002 13 16 48 13 45013
30 48 13 48013 19 48 13 16 48 13 48013 19 -48002 13 16 48 13 23
29 39 13 41013 13 23 29 39 13 23 29 39 45
13 20 13 45013
-45001 13 48
13 45013
45 13 13 44
13 45013 -13001 13048
-13001 44
13 44 13 48 13 44013
44 13 48 13 13048
-13001 20 13 44
-13002 44 13 45013 13 45
13 48013
48 13 13 44
13 48 13 13
-13001 13043
13 43 13 13 48
13 44013 13 45 -13001 13045
13 48 13 45013
13 20013
13 39 13 44
13 39
-3005 13 14 39 44 13 48 -3005 13 14 39 44 13 24 45 3
13 14 39 44 3 13 14 39 44 13 34 45 3
-13005 14 39 44 3 13 14 39 44 13 24 45 3
13 14 39 44 45
3 13 14 39 44 13 34 45 13 48
13 48
3000
13 14 39 44 13 30
48 13 48013 19 48 13 16 48 13 40
46 5 13 40 26 28 13 25 13 22 13 32013 48 13 19 -48002 13 16 48 13 30 48 13 48013 19 48 13 16 48 13 48013 19 -48002 13 16 48 13 48013 30 48 15 13 48 13 48013 48 3
13 14 39 44 13 45 -3005 13 14 39 44 -13001 13020
13 45 13 48013
39 -3004 13 39 44 -3005 13 14 39 44 3 13 39 44 13 45 3 13 14 -39004 44 3 13 14 39 44 3 13 14 39 44 -13001 13045
-13001 48013
39 -3004 13 39 44 13 40 13 13 3
13 14 39 44 3 13 14 39 44 13 48 13 48013 48 3
13 39 44 3 13 14 39 44 13 40 3 13 39 44 3 13 14 39 44 13 23 29 39 13 30
48 13 40
13 40 13 41
13 13048 13 48 3 13 14 39 44 13 23 29 39 13 40
13 40 13 23
29 39 -13001 40013
-40002 13 -13001 21031
-31001 -21004 31 13 45 31 13 45 21 31 21031 -13001 43013
31 13 43 13 13 21
31 13 20 -13001 24
45 13 34 45 13 24 -45001 13 34 45 -13019 30 48 13 48013 19 48 13 16 48 13 48013 19 48 13 48 13 16 48 13 24
45 13 45 45013 45 13 34 45 13 24 45 13 34 45 -13001 13020
13 20 -13004 23 29 39 13 13041 -13001 13045
13 45 13 45013 -13001 43013 -13001 43 13 13 30
48 13 48013 19 48 13 16 48 13 48013 13040
46 5 13 40 26 28 13 25 13 22 13 32013 19
-48002 13 16 48 13 48013 30 48 15 13 13
13 13 13048
13 48 13 48013 24
45 13 13 34
45 13 20013 24 -45001 13 34 45 13 30 48 13 48013 19 48 13 16 48 13 48013 19 -48002 13 16 48 13 24
45 13 34 45 13 45 13 13048
13 20 -13004 23 29 39 13 13041 13 23 29 39 -13001 13045
13 45 13 45013 -13001 43013 13 43 -13001 30
48 13 48013 19 48 13 16 48 13 48013 13
-13001 13040
-48002 13 -16019 48 13 30 48 13 48013 19 48 13 16 48 13 48013 19 48 13 48 13 16 48 13 40
13 30 48 13 48013 19 48 13 16 48 13 48013 40013
40 13 40 13 19
-48002 13 16 48 13 48013 30 48 15 13 48 13 48013 48 -13001 24
45 13 34 45 13 24 -45001 13 34 45 13 30 48 13 48013 19 48 13 16 48 13 48013 40
46 26 28 13 25 13 32 13 19
-48002 13 16 48 13 48013 30 48 15 13 48 13 48013 20
-13002 20 -13004 23 29 39 13 13041 13 23 29 39 13 20 13 13045 13 41013 -41002 13 -13001 13045
13 45 13 45013 -13001 43013 43 -13001 31021
31 13 48 13 13
31 21 31 21031 -13001 31021
31 13 30 48 13 48013 19 48 13 16 48 -13001 48013
19 -48002 13 16 48 13 30 48 13 48
31 13 19 48 13 16 48 13 48013 19 -48002 13 16 48 21
31 21 31 13 20 21 31 13 24 45 13 34 45 13 20013 24 -45001 13 34 45 13 23
29 39 13 41013 -23004 29 39 13 13 30 48 13 48013 19 48 13 16 48 13 48013 19 -48002 13 16 48 13 20 13 30 48 13 48013 19 48 13 16 48 13 48013 19 -48002 13 16 48 13 30 48 13 48013 13
13 13 19
48 13 16 48 13 48013 19 -48002 13 16 48 -13001 13020
13 45 13 45013 45 -13001 43013
-13001 43 -13001 13020
-13001 24 45 13 34 45 13 24 -45001 13 34 45 13 20013 -13001 23
29 39 13 41013 -13004 23 29 39 13 30
48 13 48013 19 48 13 16 48 13 48013 19 -48002 13 16 48 -13001 13045
13 45 13 45013 -13001 43013 -13001 43 -13001 20013 -13001 24
45 13 34 45 13 24 -45001 13 34 45 13 20013 20 13 17 -13001 41013
-13004 23 29 39 13 30
48 13 48013 19 48 13 16 48 13 48013 19 -48002 13 16 48 13 30 48 13 48013 13
-13001 19
48 13 16 48 13 48013 19 -48002 13 16 48 -13001 13045
13 45 13 45013 -13001 43013 -13001 43 -13001 30
48 13 48013 19 48 13 16 48 13 48013 19 -48002 13 16 -48003 13 30 48 13 48013 -48002 13 -30004 48 13 48013 30 48 31
13 48 -21002 31 31 21031 13 24 45 21
-31001 -13001 34 45 21031
13 20 21 -31001 21031 13 24 -45001 13 34 45 13 24 45 13 45 45013 45 13 34 45 13 24 45 13 34 -45002 13 45013 24
45 13 30 48 13 48013 19 48 13 16 48 13 48013 19 -48002 13 16 48 13 34
-45002 13 13 20013 23
29 39 13 13041 -13004 23 29 39 13 48
13 30 48 13 48013 19 48 13 16 48 13 48013 19 -48002 13 16 48 -13001 13045
13 45 13 45013 -13001 43013 -13001 43 -13001 13040
46 5 13 40 26 28 13 48 13 30 48 15 13 48 13 48013 25
13 22 13 32013 48 13 40013 -13001 13040
-13002 40 13 24
45 13 34 45 13 24 -45001 13 34 45 13 20013 -20002 13 48
15 13 48 13 40
46 26 28 13 25 13 32 13 48 13 20013
-23004 29 39 13 13041 13 30
48 13 48013 19 48 13 16 48 13 48013 19 -48002 13 16 48 13 20 13 13045 13 41013 41 13 41 13 30
13 45 13 45013 -13001 43013 13 43 -13001 13048
13 30 48 15 13 48 13 48013 40
46 5 13 40 26 28 13 25 13 22 13 32013 48 13 20013 24 45 13 34 45 13 20013 24 -45001 13 34 45 13 30 48 13 48013 48 13 41
-13001 -23004 29 39 13 30
48 13 48013 19 48 13 16 48 13 48013 19 -48002 13 16 48 13 20 -13001 13020
-13001 43 -13001 20013 -13001 24
45 13 34 45 31021
-31001 21 31 21031 13 24 45 21
31 45 31 13 34 45 21031
21 -31001 21031 13 30 48 13 48013 19 48 13 16 48 13 48013 19 -48002 13 16 48 13 20 13 30 48 13 48013 19 48 13 16 48 13 48013 19 -48002 13 16 48 13 30 48 13 48013 13
13 19 48 13 16 48 13 48013 19 -48002 13 16 48 13 30 48 13 48013 19 48 13 16 48 13 48013 19 -48002 13 16 48 -13001 40013
-13001 -23004 29 39 13 41013 13 23 29 39 -13001 13045
13 45 13 45013 -13001 43013 -13001 43 -13001 20013 -13001 13048
46 5 13 40 26 28 13 25 13 17 22 13 32 13 48 13 24
45 13 34 45 13 24 -45001 13 34 45 -13019 30 48 13 48013 19 48 13 16 48 13 48013 19 48 13 48 13 16 48 -13001 13020
13 20 13 23 29 39 13 41013 -13004 23 29 39 -13001 13045
13 45 13 45013 -13001 43013 -13001 43 -13001 13048
46 5 13 40 26 28 13 25 13 17 22 13 32 13 48 13 30 48 13 48013 19 48 13 16 48 13 48013 19 -48002 13 16 48 13 24
45 13 20013 34
45 13 13 24
-45001 13 34 45 -13019 30 48 13 48013 19 48 13 16 48 13 48013 19 48 13 48 13 16 48 33
13 48013 -13045002 13 13 48 13 20013
23 29 39 13 13041 -13004 23 29 39 -13001 30 48 13 48013 19 48 13 16 48 13 48013 13
-13001 19
-48002 13 16 48 13 13045
13 45 -13001 43013
-13001 43 -13001 30
48 13 48013 19 48 13 16 48 13 48013 19 -48002 13 16 48 13 40
13 40 -13001 13040
13 40 13 24
45 13 34 45 13 24 -45001 13 34 45 31021
31 13 24 45 13 45 21031
45 31 21 31 13 45 13 34
45 31021 31 21 31 13 24 45 21
31 13 34 45 31021
31 -13002 20 13 24
45 13 34 45 13 30 48 13 48013 19 48 13 16 48 13 48013 19 -48002 13 16 48 13 20 13 41013
-23004 29 39 13 13 23 29 39 13 20 13 13041 13 41 13 41013 45 -13001 13040
46 26 28 13 25 13 32 13 13 48
15 13 48 13 13
-13001 43 13 13 48
-13001 13020
-13019 30 48 13 48013 19 48 13 16 48 13 48013 19 48 13 48 13 16 48 13 24
45 13 34 45 13 48
13 48013 -48002 13 48013 48 13 13 17
13 13017 13 17 13 40
5 -13005 40 26 28 12 13 40 13 20
26 28 12 -13002 40 12
13 40 13 40 12
13 40 13 48
13 48013 40
-13002 40 13 48
13 48013 48 13 45
17 13 25 13 22 13 32
15
13 48 13 48013 -48002 13 48013 30 48 13 45
13 25
13 32 -13001 13045
13 24 -45001 13 48
13 40013
40 46 26 28 13 40 46 26 28 13 34
45 13 48
13041 -41001 13 41 13 40
46 5 13 40 26 28 13 48 13 48
13 48 13 35
-13002 35 13 36 4 10 13 38 -42003 10 13 42 4 10 13 35 -42005 4 10 13 38 42 41013
41 13041 -41002 13 41013 41 13 41 13 48013
45 13 48013 45 -13001 36
1 4 6 -10003 13 1 4 -6004 10 13 1 -10004 13 1 6 -10003 13 1 -6004 10 13 1 -10007 13 1 6 10 13 1 -6004 10 13 1 -10010 13 1 6 10 13 1 10 13 1 10 13 1 6 10 13 1 4 6 10 13 2
13 36 1 10 -13001 27013 -13001 27013 36 1 4 6 -10003 13 1 -6004 10 13 1 4 -6011 10 13 1 10 13 1 6 10 13 1 -10004 13 1 6 -10003 13 1 4 10 13 1 6 -10003 13 1 4 6 10 13 2
13 36 1 10 -13001 27013 27 -13001 36 1 4 6 -10003 13 1 -4005 6 10 13 1 -6004 10 13 1 4 6 10 13 1 4 6 10 13 4
-10005 13 38 42 4 10 13 35 -42003 10 13 -42005 4 10 13 38 42 4 10 13 35 -42004 4 10 13 38 42 13
-13001 13041
13 41 -13001 13037
37 -13001 1
-4005 6 10 13 1 -10003 13 1 -6005 10 13 1 4 -10005 13 1 4 6 -10004 13 1 4 -6004 10 13 1 4 -6004 10 13 1 -10004 13 1 4 -6005 10 13 1 4 6 -10003 13 1 6 -10008 13 1 4 6 10 13 1 -4019 10 13 1 4 6 10 13 1 4 6 10 13 1 4 6 10 13 1 -10003 13 1 4 -6004 10 13 1 -4005 6 10 13 1 -10003 13 1 -4005 6 10 13 1 -10003 13 1 -6005 10 13 1 4 -6004 10 13 1 4 6 10 13 2
13 36 1 10 -13001 -27013005 27 13 27 13 27013 36 4 10 13 38 42 4 10 13 35 42 4 10 13 38 42 10 13 35 42 4 10 13 35 -42003 10 13 -42004 4 10 13 35 42 4 10 13 -38006 42 4 10 13 35 42 13 41 13 41013 41 13 41 41013
41 13 13
13 37
37 13 48 13 48013 13
-13001 1
-4005 6 10 13 1 4 -10005 13 1 4 6 -10003 13 1 -6005 10 13 1 4 -10005 13 1 4 6 10 13 1 6 10 13 1 4 -6004 10 13 1 -10004 13 1 4 -6005 10 13 1 4 6 -10003 13 1 -6005 10 13 1 4 -10005 13 1 4 6 -10004 13 1 4 -6005 10 13 1 4 6 -10003 13 1 4 -6004 10 13 1 -4005 6 10 13 1 -10003 13 1 -4005 6 10 13 1 -10003 13 1 -6005 10 13 1 4 -10003 13 1 4 6 10 13 1 4 6 10 13 2
13 36 1 10 -13001 27013 36 -1005 4 6 10 13 10
-13003 42 10 13 42 4 10 13 38 42 10 13 35 -42004 4 10 13 -38005 42 4 10 13 35 42 -13005 41 13 41013 41 13 41 37
37 13 48 13 48
1
-4005 6 10 13 1 4 -10005 13 1 4 6 -10003 13 1 -6005 10 13 1 4 -10005 13 1 4 6 10 13 1 6 10 13 1 4 -6004 10 13 1 -10004 13 1 4 -6005 10 13 1 4 6 -10003 13 1 -6005 10 13 1 4 -10005 13 1 4 6 -10004 13 1 4 -6005 10 13 1 4 6 -10003 13 1 4 -6004 10 13 1 -4005 6 10 13 1 -10003 13 1 -4005 6 10 13 1 -10003 13 1 -6005 10 13 1 4 -10003 13 1 4 6 10 13 1 4 6 10 13 2
13 36 1 10 -13001 27013 -27002 13 27013 36 4 10 13 38 42 4 10 13 35 42 4 10 13 38 -42003 10 13 42 4 -10003 13 42 -4005 10 13 38 42 -10003 13 42 4 10 13 42 13 41
-13005 41013 41 13 41 13 33
37 33 37 13 48 13 48013 30 48 15 1
-4005 6 10 13 1 4 -10005 13 1 4 6 -10003 13 1 -6005 10 13 1 4 -10005 13 1 4 6 10 13 1 6 10 13 1 4 -6004 10 13 1 -10004 13 1 4 -6005 10 13 1 4 6 -10003 13 1 -6005 10 13 1 4 -10005 13 1 4 6 -10004 13 1 4 -6005 10 13 1 4 6 -10003 13 1 4 -6004 10 13 1 -4005 6 10 13 1 10 13 4
10 13 38 42 4 10 13 35 -42003 10 13 -42005 4 10 13 38 -42003 10 13 42 13 41
13 41013 -41002 13 41013 41 13 41 33
-37001 13 45
30 48 15 13 48 13 48013 48 13 30 48 1
-10005 13 1 4 6 -10003 13 1 -6005 10 13 1 4 -10003 13 1 4 6 10 13 1 4 6 10 13 2
13 36 1 10 -13001 27013 36 -1005 4 6 10 13 1 4 -10005 13 1 4 6 -10003 13 1 -6005 10 13 1 4 -10005 13 1 4 6 10 13 1 6 10 13 1 4 -6004 10 13 1 -10004 13 1 4 6 10 13 1 4 6 10 13 4
-10004 13 42 4 -10003 13 42 4 10 13 42 13 36 10 13 42 -13002 35 13 41
13 41013 -41002 13 41013 41 13 41 37
37 15 13 48 13 48013 -48002 13 48013 30 48 15 1
4 6 -10003 13 1 -6005 10 13 1 4 -10005 13 1 4 6 -10004 13 1 4 -6005 10 13 1 4 6 -10003 13 1 4 -6004 10 13 1 -4005 6 10 13 1 -10003 13 1 -4005 6 10 13 1 -10003 13 1 -6005 10 13 1 4 -10003 13 1 4 6 10 13 1 4 6 10 13 2
13 36 1 10 -13001 27013 -27002 13 27013 36 -13002 35 13 41
13 41013 -41002 13 41013 41 13 17
13 17 22 13 32 33
-37001 -13006 48 13 30 48 15 13 48 13 48
-4005 6 10 13 1 4 -10005 13 1 4 6 -10003 13 1 -6005 10 13 1 4 -10005 13 1 4 6 10 13 1 6 10 13 1 4 -6004 10 13 1 -10004 13 1 4 -6005 10 13 1 4 6 -10003 13 1 -6005 10 13 1 4 -10005 13 1 4 6 -10004 13 1 4 -6005 10 13 1 4 6 -10003 13 1 4 -6004 10 13 1 -4005 6 10 13 1 10 13 13 35
13 36 4 10 13 35 38 -42003 10 13 35 42 4 10 13 42 13 36 10 13 42 13 35 13 41
13 41013 -41002 13 41013 41 13 13
17 -13001 -9003 13 17 37
37 13 48 13 48013 48 13 48 1
13 36 1 10 -13001 27013 36 -1005 4 6 10 13 1 4 -10005 13 1 4 6 -10003 13 1 -6005 10 13 1 4 -10005 13 1 4 6 10 13 1 6 10 13 1 4 -6004 10 13 1 -10004 13 1 4 6 10 13 1 4 6 10 13 13
-35002 13 41
41 13041 13 41013 41 13 41 9
13 17 13 40
46 5 13 40 26 28 12 13 40 13 40 46
5 13 40 37
13 36 1 10 -13001 27013 -27002 13 27013 36 13 36 4 10 13 35 38 -42004 10 13 35 42 4 10 13 35 42 4 10 13 38 -42004 10 13 35 -42006 4 10 13 35 38 42 4 10 13 35 42 10 13 42 26
28 13 25 13 22 12
-13002 40 5 13 40 26 28 37
37 13 48 13 48013 48 13 48 10
-13003 42 10 -13020 42 4 10 13 38 42 4 10 13 35 38 42 4 10 13 35 42 4 10 13 38 42 10 13 35 42 1
-4005 6 10 13 1 4 -10005 13 1 4 6 -10003 13 1 -6005 10 13 1 4 -10005 13 1 4 6 10 13 1 6 10 13 1 4 -6004 10 13 1 -10004 13 1 4 -6005 10 13 1 4 6 -10003 13 1 -6005 10 13 1 4 -10005 13 1 4 6 -10004 13 1 4 -6005 10 13 1 4 6 -10003 13 1 4 -6004 10 13 1 -4005 6 10 13 1 10 13 12
13 40 13 32
13 13017 5 13 40 26 28 37
37 13 48 13 48013 48 13 39
13 39 4 10 13 35 -42003 10 13 -42004 4 10 13 35 -42005 4 10 13 38 42 4 10 13 35 -42003 10 13 42 1
13 36 1 10 -13001 27013 36 -1005 4 6 10 13 1 4 -10005 13 1 4 6 -10003 13 1 -6005 10 13 1 4 -10005 13 1 4 6 10 13 1 6 10 13 1 4 -6004 10 13 1 -10004 13 1 4 6 10 13 1 4 6 10 13 12
13 40 5
13 40 13
13 26
28 12 -13002 40 33
-13001 39 13 39 13 30
48 13 48
4 10 13 38 42 10 13 35 -42004 4 10 13 -38005 42 4 10 13 35 42 4 10 13 38 42 4 10 13 35 42 4 10 13 38 42 10 13 42 1
13 36 1 10 -13001 27013 13 36 1 10 13 2
13 36 1 10 -13001 27013 40
46 5 13 40 26 28 12 -13002 40 5 13 40 26 28 13 40 46 37
37 13 19 48 13 16 48 13 48013 19 -48002 13 16 48 13 30 48 10
13 42 4 -10003 13 42 -4005 10 13 38 42 10 13 42 10 13 35 -42004 4 10 13 38 42 4 10 13 35 -42003 10 13 42 13 27
13 13
13 36
1 4 6 -10003 13 1 -4005 6 10 13 1 4 -10008 13 1 4 6 10 13 1 6 10 13 1 4 6 10 13 2
13 36 1 10 -13001 27013 -27002 13 27013 36 1 4 6 -10003 13 1 -6004 10 13 1 4 -6004 10 13 1 -10007 13 1 6 10 13 1 -6004 10 13 1 -10004 13 1 6 -10003 13 1 -6004 10 13 1 10 13 1 6 10 13 5
13 40 26 28 12 -13002 40 5 13 40 26 28 13 40 46 5 13 40 37
37 -13002 39 -10003 13 42 -4004 10 13 42 10 13 42 4 10 13 42 13 36 10 13 42 13 35 13 35 1
-6004 10 13 1 -10007 13 1 6 10 13 1 -10003 13 1 4 10 13 1 6 -10003 13 1 4 6 10 13 2
13 36 1 10 -13001 27013 -27002 13 27013 13 36 1 10 13 2
13 36 1 10 -13001 27013 -27002 13 27 26
28 12 -13002 40 5 13 40 26 28 13 40 13 40 33037
37 -13002 39 13 35
-13002 35 13 36 4 10 13 35 38 -42003 10 13 42 4 10 13 35 -42005 4 10 13 38 42 4 10 13 35 42 13 40 -13001 13037
37 4 10 13 38 42 10 13 35 42 4 -10003 13 42 4 10 13 42 13 36 10 13 42 13 35 13 35 37
37 -13002 35 13 36 4 10 13 35 38 -42004 10 13 35 42 4 10 13 35 42 13 25 13 32 -13001 13037
4 10 13 38 42 4 10 13 35 -38005 42 4 10 13 35 -42003 10 13 -42005 4 10 13 38 42 4 10 13 35 42 4 10 13 42 13 25
13 32 -13001 13033
45 4 10 13 38 42 10 13 35 -42004 4 10 13 42 10 13 42 4 10 13 42 13 36 10 13 42 -13002 35 13 13
17 13 17 22 13 32 -13001 13033
13 33 13 17
13 17 22 13 32 -13001 13017
13 33 13 33013 22 13 32013 13017
-13001 33 13 33013 13 -9003 13 17 13 33013 33 -9003 13 17 13 33013 33 13 25 13 22 13 32013 13017
13 33 13 33013 17
13 25 13 22 13 32013 25 13 22 13 33
13 33013 32 13 -25005 13 22 13 32013 13 33
13 33013 -13001 25
13 32 13 13 33
13 22 13 32013 25 13 33
13 33013 -22005 13 32013 25 13 22 13 32013 33
13 33 13 25
13 22 13 32013 25 13 22 13 32013 17013
22 13 33 13 33013 32 -13001 13017
13 33 13 33013 32 -13001 13017
13 22 13 33
13 33013 32 -13001 13017
13 22 13 32013 33
37 -13001 9
-13003 17 9 13 17 13 33013 33 -13004 23 29 39 13 41013 9
-13003 17 9 13 17 13 17013 17 13 40 37 13 33 13 23
29 39 13 17
13 17013 -13001 13017
-13001 33
37 13 41 13 41013 -41001 -13001 13033
13 33 13 41
13 41013 41 13 13
33 13 13033 13 33 13 30
48 13 48013 -48002 13 48013 48 13033
13 33 13 48 13 48013 17
-13001 33013
33 13 17 13 33013 33 13 33 13 20
13 33
13 33013 -13006 33 13 33013 33 13 -13004 33 13 33013 33 -13001 -33004 13 33013 13 -13001 30
48 -13001 13033
13 30 48 13 48
15 -13001 33 13 33013 40 46 26 28 12 -13002 40 46
13 30 48 13 48013 19 48 13 16 48 13 48013 13033
26 28 13 40 26
28 13 19
-48002 13 16 48 13 19
48 13 30
48 13 48013 33
-13001 40 13 25
13 32 13 25 13 32 13 48 13 48013 48 13 48 13033
13 32 13 20
-13001 33 13 48 13 48013 13
33 13 48 13 48
13033
-13001 48 13 48013 48 13 48 13033
-13001 48 13 48013 13
15 13 48 13 45013
45 -13001 13043
-13001 43013
33 -13001 13020
-13001 13033
-13001 -33005 13 33013 33 13 30 48 13 48013 48 13 33
13 33013 40 46 26 28 13 25 13 32 13 48 13 48013 48 13033
13 33 13 48 13 48013 48 13 48 13033
13 33 13 33013 33 13 48 13 48013 48 13033
13 33 13 48 13 48013 48 13033
13 33 13 30
48 15 13 48 13 24
45 13 33 13 33013 34
45 13 33
13 33013 -33002 13 33013 33 13 24 45 13 33
13 33 45 13 34 45 13 33
13 33013 33 13 33 13 33
-37001 37013 30 48 13 30 48 13 48
37 13 40 46 26 28 13 25 13 32 13 19
48 13 16 48 13 48013 19 -48002 13 16 48 13 48013 48 13 48 13 48
37
13 48 13 48013 48 13 48 13 48
37 -33002 13 48 13 48013 48 33013
13 48 13 48
33
33 13 48 13 48013 48 13 48 33
37 15 13 48 37
37 13 20 -37001 33037 -37001 37033 37 33037 -33002 37 33037 37 33 -37001 37033 -37001 -13001 30
48 37 13 40 46 26 28 13 48 13 48013 48 37
37 13 25 13 32 13 48 13 48013 48 33
37 33 37 13 48 13 48013 48 37
37 33 -37001 13 48 13 48013 48 13033
37 13 48 13 48013 48 37
37 15 13 48 33
-37001 37013 -37001 13 37
-37001 37013 23 29 39 13 41013 13 23 29 39 13 23 29 39 37
13 35 13 35 37
37 33 37 13 30 48 37
13 48 13 48013 48 33
13 40 46 5 13 40 26 28 12 -13002 40 5 13 40 26 28 13 48 13 48013 48 13 48 13 48
37 5 13 40 26 28 13 40 46 5 13 40 26 28 12 -13002 40 13 48
-13005 48013 48 13 48 13 48
5 13 40 26 28 13 40 46 5 13 40 26 28 12 -13002 40 13 30
-48006 15 13 48 13 30 48 15 33
13 30 48 15 13 48 13 48013 48 13 48 33
-37001 5 13 40 26 28 13 25 13 22 13 32013 25 13 48 13 48013 48 13 48 33
37 13 32 13 25 13 22 13 32013 25 13 17 22 13 32 13 48 13 48013 48 33013
-25005 13 22 13 32013 25 13 48 13 48013 48 13 48 37
13 22 13 32013 25 13 17 22 13 32 13 25 13 22 13 48
37 13 32 -13001 13045
13 45 13 45013 -13001 43013 -13001 43 13 37
37 13 20 -37001 37013 33 -37001 37013 -13001 -33002 37 -13001 -37001 13 24
45 13 34 45 13 24 -45001 13 34 45 21031
-31001 21 31 21031 21 31 33 31 21 31 21031 31 37 21 31 -37001 37013 20 13 20 37
-37001 37033 13 17 13 13033
-33001 13 23 29 39 33
13 41 -13001 23 29 39 13 23 29 39 37
-37001 33037 -37001 37033 -37001 -13001 13045
13 45 13 45013 13 13 13043
-13001 13037
13 -37001 -13001 30
48 13 48013 19 48 13 16 48 13 48013 19 -48002 13 16 -48003 13 30 48 13 48013 30 48 13 48013 48 13 -30004 48 13 48013 30 48 13 20
13 -48003 13 30 -48004 13 48013 30 48 13 30 48 13 13048
13 -48004 13 48013 30 48 13 48013 13
24 45 13 34 45 13 24 -45001 13 34 45 13 45 13 30
48 13 48013 19 48 13 16 48 13 48013 19 -48002 13 16 48 13 13045
-13001 48 13 13020
13 23 29 39 13 13041 13 23 29 39 13 23 29 39 45
-13001 13045
-13001 30
48 13 48013 19 48 13 16 48 13 48013 19 -48002 13 16 -48003 13 30 48 13 40
13 40 13 30
-48003 13 30 48 13 48013 48 -13002 40 13 30
-48004 13 48013 30 48 13 48013 13
-13001 24
45 13 34 45 13 24 -45001 13 34 45 13 30 48 13 48013 19 48 13 16 48 13 48013 19 -48002 13 16 48 13 30 48 13 48013 48 13 24
45 13 24 45 13 45 45013 45 13 20
13 20 13 34
45 13 20013 20 13 24 45 13 30
48 13 34
45 -13005 48 13 48013 48 -13023 40 46 5 13 40 26 28 12 13 40 13 40 5 13 40 26 28 13 48 13 48013 48 13 40 46 5 13 40 26 28 12 -13002 40 5 13 40 26 28 13 48 13 48013 30 48 15 13 48 13 48013 30 48 13 40
46 26 28 13 40 46 15
13 48 13 48013 30 48 15 13 48 13 48013 30 48 26
28 13 40 46 26 28 13 40 46 15
13 48 13 48013 48 13 30 48 15 13 30
26 28 13 25 13 17 22 13 32 13 25 13 17 22 15
-15001 -13007 32 13 25 13 17 22 13 32 -13005 48 13 48013 48 13 48 13 25
13 17 22 13 32 13 25 13 22 13 32013 25 -13005 48 13 48013 48 13 48 13 48013 22
13 32 13 25 13 22 13 32013 25 13 48 13 23
29 39 13 32
13 25 13 32 13 25 13 23
29 39 13 23 29 39 13 32
13 25 13 32 13 41
-13001 20 13 13045 13 41013 -41002 13 -13001 30
-48002 13 16 48 13 30 48 13 48013 19 48 13 16 48 13 48013 19 -48002 13 16 48 13 45013
45 -13001 43013
-13001 43 -13001 13020
13 30 48 13 48013 19 48 13 16 48 13 48013 40
-48002 13 16 48 13 48013 30 48 15 13 48 13 48013 48 13 24
45 13 34 45 13 20013 24 -45001 13 34 45 13 30 48 13 48013 19 48 13 16 48 13 48013 40
-48002 13 16 48 13 48
31
-21004 31 31 21031 -21002 31 31 21031 -13004 23 29 39 13 41013 13 30 48 13 48013 19 48 13 16 48 13 48013 19 -48002 13 16 48 13 20 -13001 30
48 13 48013 19 48 13 16 48 13 48013 19 -48002 13 16 48 13 20 13 45013
-13001 43 -13001 20013 -13001 13040
13 22 13 32013 48 13 30 48 13 48013 19 48 13 16 48 13 48013 19 -48002 13 16 48 13 24
45 13 34 45 13 24 -45001 13 34 45 13 20013 -13001 13040
-13001 23
29 39 13 23 29 39 13 41013 13 23 29 39 -13001 30
48 13 48013 19 48 13 16 48 13 48013 19 -48002 13 16 48 13 45013
13 43 -13001 20013
45 13 34 45 13 24 -45001 13 34 45 -13001 13020
13 20 13 23 29 39 13 41013 -13004 23 29 39 -13001 30
-13001 43 -13001 30
48 13 48013 19 48 13 16 48 13 48013 19 -48002 13 16 48 13 24
45 13 20013 13 34 45 13 24 -45001 13 34 45 21031
31 21 -31001 13 30 48 13 48013 19 48 13 16 48 13 48013 19 -48002 13 16 48 21
31 21 -31001 21031 21 -31001 13 45 21 31 13 48013 13020 13 23 29 39 13 13041 -13004 23 29 39 -13001 30
-13001 13040
45 13 34 45 13 24 -45001 13 34 45 13 20013 24 45 13 34 45 13 20013 -20002 13 30 48 13 48013 19 48 13 16 48 13 48013 19 -48002 13 16 48 13 23
29 39 13 23 29 39 13 13041 13 23 29 39 13 30
48 13 48013 19 48 13 16 48 13 48013 19 -48002 13 16 48 13 20 13 13041 13 41 13 41013 45 -13001 13045
13 45 13 45013 -13001 43013 -13001 43 13 13 48
13 24 45 13 34 45 13 20013 24 -45001 13 34 45 13 24 45 13 45 45013 45 13 34 45 13 24 45 13 34 45 13 40
46 26 28 13 48 15
13 48 13 25
13 32 13 -48019 13 30 48 13 48013 19 48 13 16 48 13 48013 19 48 13 48 13 16 48 13 23
29 39 13 23 29 39 13 13041 13 23 29 39 13 20 -13001 30
45 13 34 45 13 24 -45001 13 34 45 13 20013 13 21
-31001 21031 -13001 31 -21004 31 31 21031 13 23 29 39 13 41013 13 23 29 39 21031
13 23 29 39 -13001 13045
45 13 40 46 5 13 40 26 28 13 25 13 22 13 32013 34
13 30 48 15 13 48 13 48013 48 13 24
-45001 13 34 45 13 20013 20 13 17 -13001 23
-29004 39 13 23 29 39 13 41013 13 30 48 13 48013 19 48 13 16 48 13 48013 19 -48002 13 16 48 -13001 13045
13 45 13 45013 -13001 43013 43 -13001 24
45 -13001 20013 40
46 5 13 40 26 28 13 34
13 30 48 15 13 48 13 48013 25
13 22 13 32013 -48003 13 30 48 13 48013 -48002 13 -30004 48 13 48013 24
-45001 13 34 -45002 13 45013 45 13 13 48013
20 -13004 23 29 39 13 13041 13 23 29 39 -13001 13045
13 45 13 45013 -13001 43013 13 43 -13001 13040
-13002 40 13 24
45 13 13
-13001 34
-45002 13 45013 45 13 45
13 24
-45001 13 34 45 13 30 48 13 48013 19 48 13 16 48 13 48013 20013
19 -48002 13 16 48 -13002 20 13 23 29 39 13 13041 13 23 29 39 13 23 29 39 21031
31 -21004 31 31 21031 13 20 13 13045 13 41013 -41002 13 -13001 13045
13 45 13 45013 -13001 43013 -13001 43 -13001 13020
-13001 40 46 5 13 40 26 28 13 25 13 22 13 32013 48 13 48013 30 48 15 13 48 13 48013 30 48 13 48013 -48002 13 30 48 13 48013 19 48 13 16 48 13 48013 19 -48002 13 16 48 13 24
45 13 34 45 13 20013 24 -45001 13 34 45 13 30 48 13 48013 19 48 13 16 48 13 48013 19 -48002 13 16 48 13 24
45 13 34 45 13 24 45 13 45 45013 45 13 34 45 13 24 45 13 34 45 13 17
13 17013 -17002 13 17 22 13 32 13 13 23
29 39 13 23 29 39 13 41013 13 23 29 39 13 40
46 5 13 40 26 28 13 25 13 17 22 13 32 13 48 15 13 48 13 20013
48 -13001 13020
-45007 13 34 45 13 24 45 13 34 45 13 20013 -13001 30 48 13 48013 48 -13001 40013
-13001 23 29 39 13 13041 -13004 23 29 39 13 48
13 48013 48 -13001 13045
13 45 13 45013 -13001 43013 13 43 -13001 20013
45 13 34 45 13 30 48 13 48013 19 48 13 16 48 13 48013 19 -48002 13 16 48 13 24
-45001 13 34 45 -13001 13020
13 20 13 23 29 39 13 13041 13 23 29 39 13 23 29 39 21031
31 21 -31001 21031 31 21 31 21031 21 -31001 21031 -13001 13045
13 45 13 45013 -13001 43013 13 43 -13001 24
45 13 34 45 -13001 20013 24 -45001 13 34 -45002 13 45013 13 48
13 20013 41 -13004 23 29 39 -13001 23 29 39 -13001 13045
13 45 13 45013 -13001 43013 43 -13001 24
45 13 34 45 13 40
-45001 13 34 45 13 20013 -20002 13 45013
-45001 13 45 13 45013 -45001 13 45 13 45013 45 13 41
13 -45002 45013 -23004 29 39 13 20 13 30 48 13 48013 19 48 13 16 48 13 48013 19 -48002 13 16 48 13 13 41
13041 13 41 13 45013
-13001 13045
45013 -13001 43013 -13001 43 45
13 13 48013
-13001 20013 -13001 24
45 13 34 45 13 20013 24 -45001 13 34 45 13 24 45 13 34 45 13 23
29 39 -13001 -23004 29 39 13 41013 20
13 48 13 30 48 15 13 48 13 40
46 26 28 13 25 13 32 13 48 13 30 48 13 48013 19 48 13 16 48 13 48013 19 -48002 13 16 48 21
-31001 31021 31 21 -31002 21031 -45001 21 31 13 45 31 45 21 31 -13001 30
48 13 48013 19 48 13 16 48 13 48013 20013
19 -48002 13 16 48 13 45013
-45007 13 34 45 13 24 45 13 45 45013 45 13 34 45 13 24 45 13 34 45 13 20013 -13001 30 48 13 48013 19 48 13 16 48 13 48013 19 -48002 13 16 48 -13001 23
29 39 13 23 29 39 13 41013 13 23 29 39 13 35
13 35 13 30
48 13 48013 19 48 13 16 48 13 48013 19 -48002 13 16 48 -13001 30
45 13 34 45 13 24 -45001 13 34 45 13 20013 20 13 30 48 13 48013 19 48 13 16 48 13 48013 19 -48002 13 16 48 13 17
29 39 13 23 29 39 13 13041 13 23 29 39 -13001 13045
13 45 13 45013 -13001 43013 -13001 43 -13001 24
45 13 20013 13 34 45 -13003 30 48 13 48013 -48002 13 -30004 48 13 48013 24
-45001 13 34 -45002 13 45013 45 13 30
48 13 48013 19 48 13 16 48 13 48013 19 -48002 13 16 48 13 13048
13 20013 23 29 39 13 13041 -13004 23 29 39 -13001 30 48 13 48013 19 48 13 16 48 13 48013 19 -48002 13 16 48 21
-31001 -13001 21031
31 -13001 21031
31 13 21 -31002 21031 13 45 21 31 13 45 13 45013 -13001 43013 -13001 43 -13001 24
-45001 13 34 45 13 20013 -20002 13 30 48 13 48013 19 48 13 16 48 13 48013 19 -48002 13 16 48 13 45
45 13045 -45001 13 45 13 13041
-45002 45013 45 13 45013
23
-29004 39 13 23 29 39 13 20 13 13045 13 41013 -41002 13 -13001 13045
13 45 13 40
-13002 40 13 45
-48002 13 48013 13
13 43013 43 -13001 13033
-13001 20 -13001 24
13 30 48 15 13 48 13 48013 48 13 30 48 13 48013 40
46 5 13 40 26 28 13 40 13 25
13 22 13 32013 40
13 40 13 20
-45001 13 34 45 13 24 45 13 34 45 13 30 48 13 48013 48 13 23
29 39 13 23 29 39 13 13041 13 23 29 39 13 20 13 17
13 13017 13 17 -13001 13020
46 5 13 40 26 28 13 25 13 22 13 32013 48 13 30 48 15 13 48 13 48013 48 13 24
-45001 13 34 45 13 40
46 26 28 13 25 13 32 13 48 15 13 48 13 48013 20
-13001 13040
31021 -31001 21 31 -13001 43013
13 43 13 13 21
-31001 21031 13 20 21 -31001 21031 21 31 -13001 24
-45007 13 34 45 13 24 45 13 45 45013 45 13 34 45 13 24 45 13 34 45 -13001 13020
13 20 13 23 29 39 13 41013 -23004 29 39 13 -13001 13045
13 45 13 45013 -13001 43013 -13001 43 -13001 24
45 13 34 45 -13001 20013 24 -45001 13 34 45 13 45 13 48013
13 45 13 45013 -13001 43013 13 43 -13001 24
45 13 34 45 -13001 13040
-13001 13040
-13001 13040
13 40 -13001 24
-45001 13 34 45 13 20013 30
48 13 20
13 20 -13003 30 48 13 41
13 41013 -41001 13 41 41
41 37 -13001 36
4 10 13 4
10 13 4 10 13 4
-10002 13 4 10 13 4
10 13 10 13 13
35
-13002 35 13 36 4 10 13 38 -42003 10 13 42 4 10 13 42 13 36 10 13 42 -13001 36
-1008 4 6 10 13 1 10 13 -1007 10 13 1 6 10 13 -1007 6 10 13 1 10 13 1 6 10 13 13
-30003 48 13 48013 48 13 30 48 13 48013 30 48 13 48
-41001 13 41 13 41013 41 37
37 13 20 4 10 13 13
36 10 -13001 36
4 10 13 10
13 4 10 13 13
36 10 13 13 35
-13002 35 1
-6004 10 13 1 10 13 1 6 10 13 1 4 6 10 13 2
13 36 1 10 -13001 27013 -13001 -30004 48 13 48013 30 48 13 40
46 5 13 40 26 28 13 40 46 5 13 40 26 28 13 41
13 41013 41 13 41 41013
41 13 41013 41 37
37 -13002 35 13 36 4 10 13 38 42 10 13 42 4 10 13 35 42 4 10 13 38 42 13
-30003 48 13 40
46 5 13 40 26 28 13 40 46 5 13 40 26 28 41
13 41 13 41013 41 13 41 13041 41 13 41 33
4 10 13 38 42 4 10 13 35 42 4 10 13 38 42 -10004 13 42 4 -10003 13 42 4 10 13 42 13 36 10 13 42 13 35 13 48
-13004 48013 30 48 13 48013 40
46 5 13 40 26 28 12 -13002 40 5 13 40 26 28 13 41
13 41013 -41002 13 13 13 35
-13002 35 13 36 4 10 13 38 42 13
30 48 13 48013 -48002 13 48013 40
46 5 13 40 26 28 13 40 46 5 13 40 26 28 12 13 40 33
37 10 13 42 4 10 13 42 13 36 10 13 42 13 35 13 48
45 13 48 13 30 48 13 40
5 13 40 26 28 13 40 46 5 13 40 26 28 13 40 46 37
33 15 13 48 13 30 48 15 13 48 5
13 40 26 28 12 -13002 40 5 13 40 26 28 13 40 46 33
13 30 48 15 13 48 13 30 48 15 13 48 5
13 40 26 28 13 40 46 5 13 40 26 28 12 -13002 40 5 13 40 37
13 -30007 48 15 13 48 13 48013 48 26
-28008 13 40 46 5 13 40 26 28 37
13 48 13 48013 48 13 30 48 15 13 48 13 48013 30 48 13 20
12 -13002 40 5 13 40 26 28 -12003 13 40 13 40 13 40 33
33 15 -13005 48 13 48013 48 13 30 48 12
13 40 13 40 26
28 13 40 5 13 40 26 28 33
37 15 13 48 13 48013 30 48 15 13 48 13 48013 48 12
13 40 12 -13002 40 12
13 40 13 40 37033
13 48 13 48013 48 13 30 48 15 13 48 13 48013 30 48 26
28 13 40 5 13 40 26 28 -12003 13 40 13 40 13 40 33
15 -13005 48 13 48013 48 13 48 12
-13002 40 5 13 40 26 28 13 40 5 13 40 26 28 37
33 -13005 48 13 48013 48 13 48 12
-13002 40 33037
13 48 13 48013 30 48 15 13 48 13 48
26
28 13 40 5 13 40 26 28 -12003 13 40 13 40 13 40 33037
13 48 13 48013 48 45
45 12 -13002 40 5 13 40 26 28 13 25 13 22 13 32013 45
13 45 45013 25
-13005 22 13 32013 25 13 45
13 45013 39
13 39 13 48 13 30 48 15 13 48 13 22
-13005 32013 25 13 22 13 48
13 48013 -48002 13 30 48 13 32
13 25 13 17 22 13 32 13 25 13 22 13 32
45
13 30 48 13 48013 25
-13005 22 13 32013 25 13 48 13 48013 48 13 48 13 22
-13005 32013 25 13 22 13 13
48 13 48013 48 13 30 48 13 48013 32
13 25 13 22 13 32013 25 13 22 13 32013 41
13 48013 48 13 48 13 25
-13005 22 13 32013 25 13 22 13 48
13 48013 48 13 48 13 32
13 25 13 32 -13001 13048
13 30 48 13 48013 48 13 13 40
13 40 5 13 40 26 28 13 48 13 48013 48 13 48 12
13 40 26 28 12 13 40 26 28 13 48 13 48013 23
-29004 39 13 23 29 39 12
-13002 40 13 12
28 12 -13002 40 5 13 40 26 28 -13002 40 5 13 40 26 28 12 13 40 5
13 40 28
12 -13002 40 46
13 20 5 13 40 26 28 13 40 13 17
13 22 13 32013 -13001 9
-13003 17 9 13 17 13 25 13 22 13 32013 25 13 32 -13001 30
48 13 30 48 13 48013 48 13 25
13 22 13 32013 25 13 32 -13001 25
13 22 13 32013 25 13 41
13 41013 41 13 45
13 32
13 13017 -13001 25
13 22 13 32013 25 13 32 -13001 25
13 22 13 32013 25 13 22 13 32013 -13001 25
13 22 13 32013 -13001 25
13 22 13 32013 13017
-13001 25
13 32 -13001 13037
13 25 13 32 -13001 25
13 22 13 32013 17013
17 22 13 32 -13001 13017
-13007 22 13 32013 13 13 13017 13 22 13 13
13 13 13032
-13001 13017
13 22 13 13
-13001 13032
13 22 13 13032
13 17 22 13 32 13 13017 13 9
-13003 17 9 13 17 13 45
-9003 13 17 13 45
13 45
-9003 13 17 -13001 43013
43 -13001 13048
-13001 31 21 31 21031 31 13 20 21 31 -13001 31
13 21 31 13 21
31 21031 31 13 24 45 21
31 13 34 45 13 17
13 24 -45001 13 34 45 13 17
-13001 17013
-13001 13027
13 27 13 27013 -27002 13 27013 49
13 49 49013 36 4 7 -10003 11 13 -4005 7 10 11 13 49 10 11 13 7 10 11 13 4 7 10 11 13 13
1 4 6 -10003 13 1 4 -6004 10 13 1 10 13 1 6 -10003 13 1 -6004 10 13 1 10 13 1 6 10 13 13
-35002 13 36 4 10 13 35 38 42 10 13 42 4 10 13 35 42 4 10 13 38 42 4 10 13 35 42 4 10 13 42 4 7
10 11 13 49 -10004 11 13 7 -10005 11 13 4 7 10 11 13 49 -10003 11 13 13
-13001 1
-10004 13 1 6 -10003 13 1 -6007 10 13 1 10 13 1 -10007 13 1 6 10 13 1 6 10 13 1 6 10 13 4
10 13 42 10 13 35 -42006 4 10 13 35 38 -42004 10 13 35 -42010 4 10 13 38 42 4 10 13 35 -42005 4 10 13 38 42 10 13 35 42 -13001 10
-11003 13 10 -11005 13 4 7 10 11 13 49 -10003 11 13 -49005 7 10 11 13 49 4 -7004 10 11 13 49 4 7 10 11 13 49 4 7 10 11 13 13
13 10
11 13 10 11 13 4 -7004 10 11 13 -49005 7 10 11 13 49 -4005 7 10 11 13 49 4 7 10 11 13 49 10 11 13 4 7 -10003 11 13 49 7 10 11 13 49 10 11 13 -4010 7 10 11 13 7 10 11 13 49 -4005 7 10 11 13 49 -10003 11 13 13
39 -13001 1
-10003 13 1 4 10 13 1 -6005 10 13 1 4 6 -10003 13 1 -6005 10 13 1 4 6 10 13 10
13 35 42 10 13 35 -42004 4 10 13 -42004 10 13 35 -42004 4 10 13 35 -42005 4 10 13 38 42 4 10 13 35 42 10 11
13 4 -7004 10 11 13 49 4 7 -10003 11 13 -4005 7 10 11 13 49 -10003 11 13 4 -7004 10 11 13 49 4 7 -10003 11 13 -4005 7 10 11 13 49 -10003 11 13 -7010 10 11 13 10 11 13 10 11 13 -10003 11 13 -7004 10 11 13 -10003 11 13 7 -10003 11 13 7 -10003 11 13 4 -7004 10 11 13 -49005 7 10 11 13 49 4 7 10 11 13 13
36 47 -13001 -1003 10 13 1 6 10 13 1 4 6 -10003 13 1 4 6 10 13 2
13 36 1 10 -13001 27013 27 4
10 13 38 42 10 13 42 4 10 13 38 42 4 10 13 35 42 4 -10003 13 42 -4004 10 13 42 -10003 13 42 4 10 13 38 42 10 13 35 42 45
45 10 11 13 13049
13 36 4 7 10 11 13 49 -4005 7 10 11 13 4 10
11 13 49 4 -7004 10 11 13 49 -7006 10 11 13 49 4 7 10 11 13 4 7 10 11 13 4 10
11 13 49 4 -7004 10 11 13 49 -4005 7 10 11 13 10 11 13 -7005 10 11 13 49 -4010 7 10 11 13 7 10 11 13 49 -4005 7 10 11 13 7 10 11 13 4 7 10 11 13 7 10 11 13 13
36 47 10 11 13 13049
-13005 49013 49 13 49 13 49013 13
27 13 36 -1005 4 6 10 13 -1003 10 13 1 6 10 13 10
13 35 -42004 4 10 13 42 10 13 42 4 10 13 38 -42004 10 13 35 42 4 -10003 13 42 4 10 13 42 4 10 13 38 42 10 13 42 4 10 13 38 42 45
-13005 49 13 49013 49 13 49 13 36 4 -7004 10 11 13 -49006 4 7 10 11 13 4 10
11 13 49 -4005 7 10 11 13 -7006 10 11 13 49 4 7 10 11 13 49 1
-4005 6 10 13 1 6 10 13 1 4 6 -10003 13 1 4 10 13 1 4 -6004 10 13 1 10 13 1 6 10 13 10
-13014 35 42 4 10 13 38 42 4 10 13 38 42 10 13 35 42 13 45 13 45
7 -10004 11 13 49 -4005 7 10 11 13 -49011 4 7 10 11 13 4 7 10 11 13 -10005 11 13 49 7 10 11 13 49 -4005 7 10 11 13 4 7 8
10 11 13 4 7 8
10 11 13 10 13
49
7 8 10 11 13 49 7 8
10 11 13 49 4 7 8
10 11 13 7 8
10 11 13 49 7 8
10 11 13 8
10 11 13 4 8
10 11 13 49 8
10 11 13 49013
-13001 13041 13 41 13 41013 41 8
13 41 -13001 1 4 6 8
10 13 1 4 6 8
10 13 1 6 8
10 13 1 8
10 13 4 8
10 13 38 42 4 8
10 13 38 42 8
10 13 35 42 4 8
10 13 38 42 13
13 13 13008
-13001 8013
-13004 8 13 8013 -13002 8 10 11 13 49 4 7 8
10 11 13 13
-40002 13 41
13 41013 -41001 13 41 13 41013 41 13 41 13 1
-6007 10 13 1 10 13 1 -10007 13 1 6 10 13 1 -6004 10 13 1 -10003 13 1 10 13 4
10 13 38 42 10 13 35 -42005 4 10 13 38 42 10 13 35 -42004 4 10 13 35 42 4 10 13 38 42 10 13 35 -42005 4 10 13 38 42 10 13 35 42 -13001 30 48 13 48013 48 13 30 48 13 48
-7015 10 11 13 49 4 7 10 11 13 4 7 10 11 13 7 10 11 13 49 4 -7004 10 11 13 -4005 7 10 11 13 7 10 11 13 49 10 11 13 4 7 10 11 13 13
-13005 49013 49 13 49 13049 49 13 49 49
49013 49 13 49013
49 13 36 4 -7004 10 11 13 4 7 10 11 13 49013
41 13 41013 -41001 13 41 13 41013 -41002 13 13 1 4 -10008 13 1 4 6 10 13 1 -4005 6 10 13 1 -10003 13 1 -6005 10 13 1 4 6 10 13 1 10 13 4
-10014 13 38 42 4 10 13 38 42 10 13 35 42 4 10 13 42 13 30
-48005 13 48013 48 13 48 13 48
7
-10003 11 13 -7011 10 11 13 10 11 13 7 10 11 13 -7004 10 11 13 10 11 13 7 -10003 11 13 7 10 11 13 4 -7004 10 11 13 49 10 11 13 49 -7006 10 11 13 49 4 7 10 11 13 49 -10003 11 13 -7005 10 11 13 4 -7005 10 11 13 49 4 7 10 11 13 49 -10003 11 13 -4005 7 10 11 13 49 -7004 10 11 13 -4005 7 10 11 13 13
-13005 41 13 41013 41 13 13
-1003 10 13 1 -6005 10 13 1 4 -6004 10 13 1 10 13 1 -6005 10 13 1 4 6 10 13 10
-13004 42 4 10 13 38 -42004 10 13 35 42 4 10 13 42 13 36 10 13 42 13 35 13 35 4
10 13 35 38 42 4 10 13 35 38 42 13
48 13 30 48 13 48013 -48002 13 48013 49
13 49 13 49013 36 4 -7004 10 11 13 4 7 10 11 13 49 -10003 11 13 -7011 10 11 13 10 11 13 7 10 11 13 -7004 10 11 13 -10004 11 13 7 -10003 11 13 -7004 10 11 13 -10004 11 13 7 10 11 13 4 7 10 11 13 13
13 36 4 -7004 10 11 13 4 7 10 11 13 49 4 7 -10003 11 13 -4005 7 10 11 13 49 -10003 11 13 4 -7004 10 11 13 49 4 7 10 11 13 1
-10003 13 1 -6005 10 13 1 4 -10005 13 1 4 6 -10003 13 1 6 -10003 13 1 4 6 10 13 4
-10016 13 35 38 42 4 10 13 35 42 4 10 13 38 42 4 10 13 35 38 42 4 10 13 35 -42004 4 10 13 38 42 4 10 13 35 38 42 13
48 13 48013 48 13 48 13 48
10
11 13 49 -4005 7 10 11 13 49 -7006 10 11 13 49 4 7 10 11 13 49 -10003 11 13 4 -7004 10 11 13 49 4 7 -10003 11 13 -4005 7 10 11 13 49 -4005 7 10 11 13 49 7 10 11 13 49 4 7 10 11 13 49 -7004 10 11 13 -10004 11 13 7 -10008 11 13 4 7 10 11 13 -4005 7 10 11 13 49 4 7 10 11 13 1
-4005 6 10 13 1 4 6 10 13 2
13 36 1 10 -13001 27013 -13002 27 1 4 6 10 13 1 6 10 13 10
-13019 35 42 10 13 35 42 4 10 13 38 42 4 10 13 35 38 42 10 13 35 42 10 13 35 -42004 4 10 13 42 13 36 -13001 48 13 48013 30 48 13 48013 45
13 45 4 7 10 11 13 49 -10003 11 13 4 -7004 10 11 13 49 -4008 7 10 11 13 10 11 13 -4009 7 10 11 13 7 10 11 13 4 7 10 11 13 13
13 49013 36 4 7 10 11 13 49 -7004 10 11 13 4 7 10 11 13 49 4 7 -10003 11 13 -4006 7 10 11 13 49 -10003 11 13 4 -7004 10 11 13 49 4 7 -10003 11 13 49 -4005 7 10 11 13 49 -7006 10 11 13 49 4 7 10 11 13 49 -10003 11 13 4 -7004 10 11 13 49 1
4 -6004 10 13 1 -10007 13 1 6 10 13 1 6 -10003 13 1 -6004 10 13 1 6 10 13 10
13 42 -13002 35 13 45
45 45013 45 13045 4 7 -10003 11 13 -4005 7 10 11 13 49 -4005 7 10 11 13 7 10 11 13 49 4 7 10 11 13 49 -7004 10 11 13 -10004 11 13 7 -10008 11 13 4 7 10 11 13 -4005 7 10 11 13 49 -10003 11 13 4 -7004 10 11 13 49 -4008 7 10 11 13 10 11 13 4 -7004 10 11 13 4 7 10 11 13 13
41 13041 13 41 13 41
1 10 13 1 6 -10003 13 1 4 10 13 1 6 10 13 13
-35002 13 45
13 45013 45 13 45
45013 23 29 39 7
10 11 13 4 7 10 11 13 13
13 49013 49 10
11 13 13
13 49013 -49002 13 36 4 -7004 10 11 13 49 10 11 13 7 10 11 13 49 -4005 7 10 11 13 49 -10003 11 13 13
41 41013
41 13 41 13041 1 10 13 1 -6005 10 13 1 4 6 -10003 13 1 -6005 10 13 1 4 -6004 10 13 1 4 6 10 13 13
35 13 36 -4006 10 13 35 38 42 -10004 13 35 42 4 10 13 38 42 10 13 35 42 4 10 13 35 38 42 4 10 13 35 42 4 10 13 38 42 13
23 29 39 13 23 29 39 10
-11003 13 10 -11004 13 7 10 -11005 13 4 7 10 11 13 49 4 7 -10003 11 13 4 7 10 11 13 49 -4005 7 10 11 13 49 -7004 10 11 13 4 -7004 10 11 13 49 4 7 -10003 11 13 4 -7004 10 11 13 -4005 7 10 11 13 7 -10003 11 13 4 7 10 11 13 13
-13005 49013 49 13 49 49013 49 13 49013
41 13 41013 41 13 41 1
-10003 13 1 4 10 13 1 4 -6004 10 13 1 10 13 1 -6005 10 13 1 4 6 10 13 2
13 36 1 10 13 10
13 35 42 10 13 35 -42006 4 10 13 35 38 42 4 10 13 35 42 4 10 13 -38006 42 4 10 13 35 -42004 4 10 13 -38006 42 4 10 13 35 42 4 10 13 42 4 7
-10006 11 13 49 4 7 10 11 13 7 10 11 13 49 -4005 7 10 11 13 4 10
-11010 13 49 4 7 10 11 13 7 10 11 13 49 10 13 49 -4005 7 10 11 13 7 10 11 13 49 10 13 49 -4005 7 10 11 13 -49005 7 10 11 13 49 4 -7004 10 11 13 49 7 10 11 -13003 49 10 13 49 7 10 11 13 49 -4005 7 10 11 13 -7006 10 11 13 49 4 -7004 10 11 13 -49006 4 7 10 11 13 4 7 -10003 11 13 -49003 10 13 49 4 -7004 10 11 13 -49005 7 10 11 13 49 4 7 10 11 13 10 11 13 49013
41 13 41013 -41002 13 41013 13 1
4 6 -10003 13 1 6 -10003 13 1 -6004 10 13 1 6 10 13 4
10 13 38 -42003 10 13 35 42 4 10 13 35 38 -42004 10 13 35 42 4 10 13 38 42 10 13 42 4 10 13 42 13 36 10 13 42 10 11
13 49 -10009 11 13 49 4 7 10 11 13 -49004 10 11 13 49 4 7 -10003 11 13 49 10 11 13 49 -4005 7 10 11 13 -7006 10 11 13 49 4 -7004 10 11 13 49 -7019 10 11 13 49 10 11 13 49 4 7 10 11 13 4 7 10 11 13 49 -4005 7 10 11 13 -49004 10 11 13 49 -4005 7 10 11 13 -49004 10 11 13 49 -4005 7 10 11 13 -7005 10 11 13 4 7 10 11 13 13
13 36 4 7 -10004 11 13 49 7 10 11 13 49 4 7 10 11 13 49 10 11 13 13
-13001 13041
-13001 1
-6004 10 13 1 -10003 13 1 -6004 10 13 1 10 13 1 10 13 13 35
-13001 10
11 13 7 -10003 11 13 -7004 10 11 13 -10007 11 13 7 10 11 13 -7004 10 11 13 -10007 11 13 7 10 11 13 -7004 10 11 13 -10003 11 13 7 -10003 11 13 7 10 11 13 4 -7004 10 11 13 -49006 4 7 10 11 13 49 -10003 11 13 -7005 10 11 13 4 7 10 11 13 49 7 10 11 13 4 7 10 11 13 49 -10003 11 13 -4005 7 10 11 13 49 -7004 10 11 13 -4005 7 10 11 13 13
-13005 41 13 41013 41 13 1
6 10 13 2
13 36 1 10 -13001 27013 1
4 -6004 10 13 1 4 6 -10003 13 1 6 -10003 13 1 6 10 13 13045
-13001 49
-13005 49013 49 13 49 13 49013 36 4 7 10 11 13 49 10 11 13 7 10 11 13 -4006 7 10 11 13 49 -7004 10 11 13 -4005 7 10 11 13 7 10 11 13 49 4 7 10 11 13 13
-13005 49013 49 13 49 13 36 4 7 10 11 13 49013
41 13 41 1
-6004 10 13 1 10 13 45
45 41 -10004 11 13 7 10 11 13 4 7 10 11 13 49 4 7 -10003 11 13 4 7 -10004 11 13 49 7 10 11 13 49 -4005 7 10 11 13 10 11 13 -7005 10 11 13 4 -7004 10 11 13 49 7 10 11 13 49 4 7 10 11 13 13
13 49 49013 49 13 49 4
-7004 10 11 13 -49005 7 10 11 13 49 10 11 13 4 7 10 11 13 49 4 7 -10003 11 13 4 -7004 10 11 13 10 11 13 -7005 10 11 13 49 10 11 13 1
-10003 13 1 -6004 10 13 1 -10003 13 1 6 10 13 1 4 6 10 13 2
13 36 1 10 -13001 27013 36 1 4 6 -10003 13 1 6 10 13 45013
45 41
41 7 10 11 13 49 4 -7004 10 11 13 -49005 7 10 11 13 49 10 11 13 -7005 10 11 13 49 4 7 10 11 13 49 -4005 7 10 11 13 49 -7004 10 11 13 4 -7004 10 11 13 49 -4008 7 10 11 13 10 11 13 -4005 7 10 11 13 -7005 10 11 13 49 -4005 7 10 11 13 10 11 13 4 7 10 11 13 13
13 36 4 -7005 10 11 13 49 4 7 10 11 13 49 -7007 10 11 13 10 11 13 -7004 10 11 13 -10004 11 13 7 10 11 13 1
6 -10003 13 1 -6005 10 13 1 4 6 -10003 13 1 -6005 10 13 1 4 6 10 13 1 6 10 13 13045
13 41
13 41013 -41002 13 41013 13 41 13041 10
-11004 13 7 10 -11007 13 10 11 13 7 10 11 13 7 -10003 11 13 4 -7004 10 11 13 -49005 7 10 11 13 49 4 7 10 11 13 13
13 49013 36 4 7 10 11 13 49 7 10 11 13 4 7 10 11 13 49 -10003 11 13 -7011 10 11 13 10 11 13 7 10 11 13 -7004 10 11 13 -10004 11 13 7 -10003 11 13 -7004 10 11 13 -10003 11 13 7 10 11 13 4 7 10 11 13 13
13 36 1 4 6 -10003 13 1 4 10 13 1 4 -6004 10 13 1 10 13 1 -6005 10 13 1 4 6 10 13 1 6 10 13 13
20 13 45013
41013 13 41 -13001 13041
13 41 4 7 10 11 13 49 -7004 10 11 13 4 7 10 11 13 49 -10003 11 13 4 7 10 11 13 49 4 7 -10003 11 13 49 7 10 11 13 49 4 7 10 11 13 49 -7004 10 11 13 -4005 7 10 11 13 49 -7004 10 11 13 -49011 4 7 10 11 13 4 7 10 11 13 -4005 7 10 11 13 49 -7004 10 11 13 4 -7004 10 11 13 -49009 4 7 10 11 13 10 11 13 4 -7004 10 11 13 -4005 7 10 11 13 -10005 11 13 4 7 10 11 13 13
13 49013 49 4
-7004 10 11 13 1
10 13 1 6 -10003 13 1 -6004 10 13 1 -10007 13 1 6 10 13 1 -6004 10 13 1 10 13 13 41
4 7 -10003 11 13 4 7 10 11 13 49 4 7 -10003 11 13 7 10 11 13 49 -4018 7 10 11 13 7 10 11 13 7 10 11 13 4 7 10 11 13 4 7 10 11 13 49 -4005 7 10 11 13 49 -7004 10 11 13 4 -7004 10 11 13 49 -4008 7 10 11 13 10 11 13 4 -7004 10 11 13 -4005 7 10 11 13 -10005 11 13 4 7 10 11 13 13
49 -1007 6 10 13 1 10 13 -1003 10 13 1 6 -10003 13 1 4 -10003 13 1 4 6 10 13 13
13 13 13041
13 41 13 41013 49
13 49 13 36 -4010 7 10 11 13 49 7 10 11 13 -10003 11 13 -7004 10 11 13 10 11 13 7 10 11 13 13
2 13 36 1 10 -13001 36
-1005 4 6 10 13 -1003 10 13 1 6 10 13 1 4 6 10 13 45013
-13001 7
-10004 11 13 7 -10003 11 13 7 -10003 11 13 -7004 10 11 13 1
4 -6004 10 13 1 4 6 -10003 13 1 4 10 13 1 4 -6004 10 13 1 10 13 1 6 10 13 1 4 6 10 13 13045
13 30
48 13 30 48 10
11 13 7 -10003 11 13 7 10 11 13 4 7 10 11 13 13
13 49013 49 1
4 6 10 13 1 4 6 10 13 2
13 36 1 10 -13001 27013 -27002 13 36 -1005 4 6 10 13 13
48 13 30 48 13 48013 48 1
-10003 13 1 -6005 10 13 1 4 -6004 10 13 1 4 6 -10003 13 1 4 10 13 1 4 -6004 10 13 1 10 13 1 -6005 10 13 1 4 6 10 13 2
13 36 1 10 -13001 27013 27 13 36 -1005 4 6 10 13 -1003 10 13 1 -6005 10 13 1 4 -6004 10 13 1 4 6 -10003 13 1 4 10 13 1 4 -6004 10 13 1 10 13 1 -6005 10 13 1 4 6 10 13 2
13 36 1 10 -13001 27013 13 36 1 4 -6004 10 13 1 4 -6010 10 13 1 10 13 1 10 13 1 -6004 10 13 1 -10007 13 1 6 10 13 1 -6004 10 13 1 -10004 13 1 6 -10003 13 1 -6007 10 13 1 10 13 1 -10003 13 1 6 10 13 1 4 6 10 13 2
13 36 1 10 -13001 27013 -13001 27013 13 36 1 4 6 -10003 13 1 6 10 13 1 4 -6004 10 13 1 -10003 13 1 -6004 10 13 1 -10004 13 1 6 -10003 13 1 6 -10003 13 1 -6004 10 13 1 -10003 13 1 6 -10003 13 1 4 10 13 1 6 -10003 13 1 4 6 10 13 2
13 36 1 10 -13001 27013 -13001 36 1 4 6 -10003 13 1 6 10 13 1 4 -6004 10 13 1 -10003 13 1 -6004 10 13 1 -10007 13 1 6 10 13 1 -6004 10 13 1 -10007 13 1 6 10 13 1 6 10 13 1 6 10 13 13
-13001 1
-6004 10 13 1 -10003 13 1 -6004 10 13 1 -10003 13 1 4 10 13 1 6 -10003 13 1 4 6 10 13 2
13 36 1 10 -13001 13027
-13001 27 13 36 1 4 6 -10003 13 1 -6004 10 13 1 6 10 13 13
1 6 10 13 1 4 -6004 10 13 1 -10003 13 1 -6004 10 13 1 -10004 13 1 6 10 13 13
20 1 6 -10003 13 1 -6004 10 13 1 10 13 1 4 10 13 1 6 -10003 13 1 4 6 10 13 2
13 36 1 10 -13001 27013 45
13 27 13 27013 27 -1009 4 6 10 13 1 6 10 13 -1007 10 13 1 6 10 13 1 6 10 13 13045
-1004 6 10 13 -1007 10 13 1 6 10 13 1 6 -10003 13 1 4 -10004 13 1 6 -10003 13 1 4 6 10 13 2
13 36 1 10 -13001 1
4 6 -10003 13 1 6 -10003 13 1 -6004 10 13 1 6 10 13 13
13 13043
-1004 6 10 13 -1003 10 13 -1004 6 10 13 -1003 10 13 1 6 10 13 2
13 36 1 10 -13001 1 4 -6004 10 13 1 4 6 -10003 13 1 6 -10003 13 1 -6004 10 13 1 -10003 13 1 -6004 10 13 1 -10003 13 1 6 10 13 1 4 6 10 13 2
13 36 1 10 -13001 1 4 -6004 10 13 1 -10003 13 1 -6004 10 13 1 -10003 13 1 -6004 10 13 1 6 10 13 13
20 1 10 13 1 6 -10003 13 1 6 10 13 2
13 36 1 10 -13001 -1009 4 6 10 13 1 6 10 13 -1003 10 13 -1004 6 10 13 -1003 10 13 -1004 6 10 13 1 10 13 1 6 -10003 13 1 6 10 13 1 4 6 10 13 2
13 36 1 10 -13001 24
-45007 13 34 45 13 24 45 13 34 45 13 20013 13045 45013 13 13 23
29 39 13 41013 -13004 23 29 39 13 48
46 26 28 13 25 13 32 13 48 13 13
-13001 13045
13 45 13 45013 -13001 13043
13 43 -13001 20013 -13001 24
45 13 34 45 13 24 -45001 13 34 45 13 20013 20 -45001 13 17
-13001 41013
-23004 29 39 13 13 23 29 39 -13001 13045
45 13 20013 13 34 45 21031
31 -21004 31 31 21031 31 -13003 30 48 13 48013 -48002 13 -30004 48 13 48013 30 48 13 48
-21002 31 13 24 -45001 13 34 45 13 24 45 13 45 45013 45 13 34 45 13 24 45 13 34 45 13 45 13045
-45001 13 45 13 13048
13 20 13 23 29 39 13 13041 -13004 23 29 39 -13001 13045
48 13 48013 20
13 20 13 48
20 -45001 13 23
29 39 13 13041 -13004 23 29 39 13 20 13 13041 13 41 13 41013 45 -13001 13045
13 45 13 45013 -13001 43013 43 -13001 13020
-13001 24
45 13 34 45 13 20013 24 -45001 13 34 45 -13001 13045
4 -6004 10 13 1 -10003 13 1 -6004 10 13 1 6 10 13 13
49 13 49013 36 4 -7004 10 11 13 4 7 10 11 13 49 7 -10003 11 13 -7004 10 11 13 10 11 13 7 10 11 13 13
-13001 13045
13 45 -1004 6 10 13 -1003 10 13 1 6 -10003 13 1 6 10 13 2
13 36 1 10 13 7
-10004 11 13 7 -10003 11 13 -7004 10 11 13 -10003 11 13 45
13 1
-4009 6 10 13 1 6 10 13 1 -10003 13 1 -6004 10 13 1 6 10 13 7
-10003 11 13 7 10 11 13 4 7 10 11 13 13
13 49013 49 13 49 1
-6004 10 13 1 -10003 13 1 6 10 13 1 10 13 13 36
4
7 10 11 13 49 10 11 13 7 10 11 13 4 7 10 11 13 49 -7007 10 11 13 10 11 13 -7004 10 11 13 10 11 13 7 -10003 11 13 7 10 11 13 45
-1003 10 13 1 6 10 13 1 4 6 10 13 2
13 36 1 10 13 13 27
-7004 10 11 13 -10007 11 13 7 10 11 13 -7004 10 11 13 -10007 11 13 7 10 11 13 7 -10003 11 13 4 -7004 10 11 13 49 -4005 7 10 11 13 49 4 7 10 11 13 49 -10003 11 13 -7005 10 11 13 4 7 10 11 13 49 7 10 11 13 4 7 10 11 13 49 -10003 11 13 -4005 7 10 11 13 49 -7004 10 11 13 -4005 7 10 11 13 13
36 47 13 48 15 13 48 15
11 13 13 40
46 26 28 12 -13002 40 13 25
13 32 13 41
13 40 46 26 28 12 -13002 40 13 23
29 39 -13001 23 29 39 13 23 29 39 13 25
13 32 13 40
13 20
-13001 13020
-31001 21 -31002 21031 21 -31001 21031 21 31 13 24 45 13 34 45 13 20013 13045 45013 13 13 40013
-13001 41 -13001 -23004 29 39 13 23 39
13 23 39 13 13 40
46 26 28 13 40 46 26 28 12 13 40 13 48
15 13 48 13 40013
40 46 5 13 40 26 28 12 13 40 13 48
13 48 15 13 48 13 40013
40 46 5 13 40 26 28 12 13 40 15
13 40 13 25
13 17 22 -13004 32 13 25 13 32 13 40
-13002 40 -13001 13041
-13001 45 13045 13 45 -13001 13043
13 43 13 13 40
46 26 28 12 -13002 40 46
-13006 48 13 30 48 15 13 48 26
28 12 -13002 40 13 25
15 13 20 13 32
13 40 46 26 28 12 -13002 40 13 25
13 32 13 25 13 32 13 40
-13002 40 -13001 24
45 13 34 45 13 23
39 13 24 45 13 48
15 13 48 15
13 48 13 40
46 26 28 12 13 40 13 40 45
15 13 48 13 30 48 15 13 34
45 13 40
46 26 28 12 -13002 40 13 25
26 28 12 -13002 40 13 25
13 32 13 25 13 22 13 32013 25 13 22 13 32013 40
-13002 20 13 40
13 40 -45001 13 13041
-13004 23 29 39 -13001 13045
13 45 13 45013 -13001 43013 43 -13001 24
45 13 34 45 13 20013 13 24
-45001 13 34 45 13 45 45
45013 13 48013 20 -13001 41 13 23
-29004 39 13 23 29 39 -13001 13045
13 45 13 45013 -13001 43013 13 43 -13001 40
46 5 13 40 26 28 13 48 13 30 48 15 13 48 13 13
13 22 13 32013 48 13 48013 13
-13001 24
-45001 13 34 45 13 24 45 13 45 45013 45 13 34 45 21031
31 13 24 45 21
-31001 13 34 45 21031
21 -31001 21031 21 -31001 13 20 21 31 -13002 20 45
45 13 41013
-13004 23 29 39 13 20 13 13045 13 41013 -41002 13 -13001 13045
13 45 13 45013 -13001 43013 43 -13001 13048
46 5 13 40 26 28 13 25 13 22 13 32013 48 13 48013 13
13 20013 -13001 24
45 13 34 45 13 24 -45001 13 20
13 34 45 13 13 1
13 13 13045
-13001 49
13 49013 36 4 -7004 10 11 13 4 7 10 11 13 49 7 -10003 11 13 -7004 10 11 13 10 11 13 7 10 11 13 13
-6004 10 13 1 -10003 13 1 6 -10003 13 1 6 10 13 2
13 36 1 10 -13001 45 13045 -13001 7
-10004 11 13 7 -10003 11 13 -7004 10 11 13 -10003 11 13 13
-1009 4 6 10 13 1 6 10 13 -1003 10 13 -1004 6 10 13 7
-10003 11 13 -7004 10 11 13 4 7 10 11 13 13
7 -10003 11 13 7 10 11 13 4 7 10 11 13 49 -7007 10 11 13 10 11 13 -7004 10 11 13 10 11 13 7 -10003 11 13 7 10 11 13 1
-10003 13 1 6 10 13 1 4 6 10 13 2
-7004 10 11 13 -10007 11 13 7 10 11 13 -7004 10 11 13 -10007 11 13 7 10 11 13 7 10 11 13 45
10 11 13 7 10 11 13 4 -7004 10 11 13 49 -4005 7 10 11 13 49 -10003 11 13 -7005 10 11 13 4 7 10 11 13 7 10 11 13 45
4 7 10 11 13 49 -10003 11 13 -4005 7 10 11 13 49 -7004 10 11 13 -4005 7 10 11 13 13
36 47 10 11 13 13
13 41013
-23004 29 39 13 20 -13001 13020
43 -13001 13020
-45007 13 34 45 13 24 45 13 34 45 13 20013 13045 45013 13 13 48
46 26 28 13 25 13 32 13 48 13 23
29 39 13 23 29 39 13 13041 13 23 29 39 13 35
-13002 35 13 13
13 13041
13 41 13 41013 -41002 13 -13001 36
1 4 6 -10003 13 1 6 10 13 1 4 -6004 10 13 1 -10003 13 1 -6004 10 13 1 6 10 13 13
-13001 49
13 36 4 7 10 11 13 49 -10007 11 13 7 10 11 13 49 7 10 11 13 49 4 7 10 11 13 13
-13005 41 13 41013 41 13 41 -13001 1
-10004 13 1 6 -10003 13 1 6 -10003 13 1 -6004 10 13 1 -10003 13 1 10 -13001 45 13045 -13002 35 13 13
13 49013 49 -13001 49 13 36 4 7 -10004 11 13 49 7 10 11 13 49 4 7 10 11 13 49 -10003 11 13 -7004 10 11 13 -10003 11 13 -7004 10 11 13 10 11 13 7 -10003 11 13 -7004 10 11 13 4 -7004 10 11 13 -49006 4 7 10 11 13 49 -10003 11 13 -7005 10 11 13 4 7 10 11 13 49 7 10 11 13 4 7 10 11 13 49 -10003 11 13 -4005 7 10 11 13 49 -7004 10 11 13 -4005 7 10 11 13 13
13 49013 49 13 49 13 41
-13005 41013 41 13 41 -13001 1
10 13 1 4 10 13 1 6 -10003 13 1 4 6 10 13 2
13 36 1 10 -13001 27013 -13001 36 13
-45001 13 36
4 10 13 38 42 10 13 35 42 4 10 13 42 13 36 10 13 42 -13001 49
4 -7004 10 11 13 -49005 7 10 11 13 10 11 13 4 7 10 11 13 49 4 7 -10003 11 13 -7005 10 11 13 49 10 11 13 -7005 10 11 13 49 -4005 7 10 11 13 10 11 13 4 7 10 11 13 13
13 36 4 -7004 10 11 13 4 7 10 11 13 49 -7007 10 11 13 10 11 13 -7004 10 11 13 -10004 11 13 7 -10003 11 13 -7004 10 11 13 -10004 11 13 7 10 11 13 13
41 13041 -41002 13 41013 41 13 13
4 6 -10003 13 1 6 10 13 1 4 -6004 10 13 1 -10003 13 1 -6004 10 13 1 -10004 13 1 6 10 13 45013
-13001 7
10 11 13 7 -10003 11 13 4 -7004 10 11 13 -49005 7 10 11 13 49 4 7 10 11 13 13
13 36 4 -7004 10 11 13 10 11 13 -7005 10 11 13 49 7 10 11 13 4 7 10 11 13 13
36 47 10 11 13 49013
36 4 7 10 11 13 49 -7004 10 11 13 49 -4005 7 10 11 13 49 -10003 11 13 -7004 10 11 13 4 -7004 10 11 13 49 7 10 11 13 49 10 11 13 4 7 10 11 13 13
13 49013 -49002 13 49013 13
13 -41001 13041 -1004 6 10 13 1 -10004 13 1 6 -10003 13 1 6 -10003 13 1 -6004 10 13 1 10 13 1 4 10 13 13
45 13045 13 49 13 49013 -49002 13 36 4 -7005 10 11 13 49 4 7 10 11 13 49 7 -10003 11 13 -7004 10 11 13 -10004 11 13 7 -10003 11 13 -7004 10 11 13 -10003 11 13 7 -10003 11 13 -7004 10 11 13 4 7 10 11 13 13
13 49013 -49002 13 36 4 7 10 11 13 49 10 11 13 7 10 11 13 4 7 10 11 13 49 -7007 10 11 13 10 11 13 7 10 11 13 7 10 11 13 13
41 13041 13 41 13 41013 41 13 41 13041 1 6 -10003 13 1 4 6 10 13 2
13 36 1 10 -13001 27013 13 27 13 45
45 -10007 11 13 7 10 11 13 -7004 10 11 13 -10007 11 13 7 10 11 13 -7004 10 11 13 -10007 11 13 7 10 11 13 7 -10003 11 13 7 10 11 13 4 -7004 10 11 13 -49006 4 7 10 11 13 49 -10003 11 13 -7005 10 11 13 4 7 10 11 13 49 7 10 11 13 4 7 10 11 13 49 -10003 11 13 -4005 7 10 11 13 49 -7004 10 11 13 -4005 7 10 11 13 13
13 49013 36 4 7 10 11 13 49 7 10 11 13 4 7 10 11 13 49 10 11 13 10 11 13 13
41 13041 13 41 13 41013 -41002 13 41013 27
13 36 1 4 6 10 13 1 10 13 27
-1004 6 10 13 1 4 -6004 10 13 1 10 13 1 6 10 13 45013
45 7
-10003 11 13 -7004 10 11 13 -10004 11 13 7 -10003 11 13 -7004 10 11 13 -10003 11 13 -7004 10 11 13 -10003 11 13 7 10 11 13 4 7 10 11 13 13
13 36 4 -7004 10 11 13 4 7 -10003 11 13 4 -7013 10 11 13 49 4 7 10 11 13 10 11 13 7 10 11 13 49 -4005 7 10 11 13 10 11 13 -7011 10 11 13 49 4 7 10 11 13 4 -7005 10 11 13 4 7 10 11 13 49 7 10 11 13 7 10 11 13 13
41 13041 13 41 13 41013 41 13 41 13041 -1019 10 13 1 6 10 13 1 6 10 13 1 6 10 13 1 6 10 13 1 6 -10003 13 1 -6004 10 13 1 6 10 13 45
-7004 10 11 13 4 -7004 10 11 13 -49009 4 7 10 11 13 10 11 13 4 -7004 10 11 13 -4005 7 10 11 13 -10005 11 13 4 7 10 11 13 13
-7004 10 11 13 49 7 10 11 13 49 4 7 10 11 13 49 -10003 11 13 4 -7013 10 11 13 49 4 7 10 11 13 10 11 13 -7005 10 11 13 4 7 10 11 13 49 10 11 13 -7011 10 11 13 49 4 7 10 11 13 4 7 10 11 13 -4006 7 10 11 13 49 -7004 10 11 13 4 7 10 11 13 13
41 13041 13 41 13 41013 41 13 41 13041 7 10 11 13 49 -4008 7 10 11 13 10 11 13 49 4 -7004 10 11 13 -4005 7 10 11 13 -10005 11 13 4 7 10 11 13 13
36 47 10 11 13 1
10 13 1 6 -10003 13 1 4 10 13 1 6 -10003 13 1 4 6 10 13 2
13 36 1 10 -13001 27013 49
13 36 4 7 -10003 11 13 49 7 10 11 13 49 4 7 10 11 13 49 7 -10003 11 13 -7004 10 11 13 -10007 11 13 7 10 11 13 -7004 10 11 13 -10007 11 13 7 10 11 13 -7004 10 11 13 10 11 13 7 -10003 11 13 -7004 10 11 13 10 11 13 7 10 11 13 4 -7004 10 11 13 -49006 4 7 10 11 13 4 7 10 11 13 49 -10003 11 13 13
41 13041 41 13 41 41013
41 13 41013 41 13 27
13 27013 27 -1009 4 6 10 13 1 6 10 13 -1007 10 13 1 6 10 13 1 6 10 13 7
-10005 11 13 4 7 10 11 13 7 10 11 13 4 7 10 11 13 49 -10003 11 13 -4005 7 10 11 13 49 -7004 10 11 13 -4005 7 10 11 13 13
49 13 49 13049 -49004 13 49 49013 41 13 41013 13 41 13041 -13001 41 1 -10004 13 1 6 -10003 13 1 6 10 13 13
49 49013 36 4 -7004 10 11 13 10 11 13 4 7 10 11 13 13
13 49013 49 49
13 49 49013 -49001 13 49 13 36 4 -7004 10 11 13 4 7 10 11 13 49 -7007 10 11 13 10 11 13 -7004 10 11 13 -10004 11 13 7 -10003 11 13 -7004 10 11 13 -10004 11 13 7 10 11 13 4 7 10 11 13 13
41 1 -10004 13 1 6 -10003 13 1 4 -10004 13 1 6 -10003 13 1 4 6 10 13 2
13 36 1 10 13 13 7
-10005 11 13 49 7 10 11 13 49 4 7 10 11 13 13
49 13049 13 49013 49 13 36 4 -7004 10 11 13 4 7 10 11 13 49 -10003 11 13 7 -10003 11 13 -7004 10 11 13 -10004 11 13 7 10 11 13 4 7 10 11 13 13
13 36 4 -7004 10 11 13 4 7 10 11 13 13
13 49013 49 -13001 36 1 4 -6004 10 13 1 4 6 -10003 13 1 -6011 10 13 1 10 13 1 6 10 13 1 10 13 1 6 10 13 13
-13001 49
13 49 13 49013 36 4 -7004 10 11 13 -4005 7 10 11 13 49 -10003 11 13 -7005 10 11 13 4 10
11 13 49 -4005 7 10 11 13 13
13 49013 49 13 49 13049 -49002 13 49013 36 4 -7004 10 11 13 10 11 13 7 10 11 13 49 -4005 7 10 11 13 49 4 7 10 11 13 49 1
-6004 10 13 1 -10004 13 1 6 -10003 13 1 -6007 10 13 1 10 13 1 6 10 13 1 6 10 13 45013
-13001 10
-11003 13 10 11 13 -7005 10 11 13 4 -7004 10 11 13 4 7 10 11 13 49 -10003 11 13 -4005 7 10 11 13 49 -7004 10 11 13 -4005 7 10 11 13 13
13 49013 49 13 49 13049 -49001 -1003 10 13 1 6 10 13 1 4 6 10 13 2
13 36 1 10 -13001 27013 -13001 1 4 -6004 10 13 1 -10003 13 1 -6004 10 13 1 6 10 13 13045
-1004 6 10 13 -1003 10 13 1 6 -10003 13 1 6 10 13 2
13 36 1 10 -13001 45 13045 -13009 1 4 6 10 13 1 6 10 -13003 1 10 -13004 1 6 10 -13003 1 10 13 1 6 -10003 13 1 6 10 13 1 4 6 10 13 2
13 36 1 10 -13001 1 4 6 -10003 13 1 6 -10003 13 1 -6004 10 13 1 6 10 13 13
13 43 -13001 1
-6004 10 13 1 -10003 13 1 -6004 10 13 1 -10003 13 1 6 10 13 2
13 36 1 10 -13001 1 4 -6004 10 13 1 4 6 -10003 13 1 6 10 13 1 10 13 13 20
-1004 6 10 13 13
-1003 10 13 -1004 6 10 13 -1003 10 13 1 6 10 13 1 4 6 10 13 2
45 13 27 13 27013 36 1 4 6 -10003 13 1 -6004 10 13 1 4 -6004 10 13 1 -10007 13 1 6 10 13 1 -6004 10 13 1 -10004 13 1 6 -10003 13 1 -6004 10 13 1 -10004 13 1 6 -10003 13 1 4 10 13 1 6 -10003 13 1 4 6 10 13 2
13 36 1 10 -13001 27013 27 -13001 36 1 4 -6004 10 13 1 4 6 -10003 13 1 -6019 10 13 1 10 13 1 6 10 13 1 6 10 13 1 6 10 13 1 -6004 10 13 1 -10004 13 1 6 -10003 13 1 6 10 13 1 4 6 10 13 2
13 36 1 10 -13001 27013 -13001 27013 27 1 4 6 10 13 13
6 10 13 1 4 -6004 10 13 1 -10007 13 1 6 10 13 1 -6004 10 13 1 -10004 13 1 6 -10003 13 1 4 -10004 13 1 6 10 13 13
24 45 13 1
6 -10003 13 1 4 6 10 13 2
4 6 -10003 13 1 6 -10003 13 1 6 10 13 1 6 10 13 13
34 45 45
-1004 6 10 13 1 10 13 1 6 10 13 2
13 36 1 10 -13001 1 4 -6004 10 13 1 4 6 -10003 13 1 6 -10003 13 1 -6004 10 13 1 10 13 1 6 10 13 1 4 6 10 13 2
13 36 1 10 -13001 27013 27 -13001 27 13 36 1 4 6 -10003 13 1 4 6 10 13 2
13 36 1 10 -13001 27013 -27002 13 27013 36 1 4 -6004 10 13 1 10 13 1 -6005 10 13 1 4 6 -10003 13 1 -6005 10 13 1 4 -6004 10 13 1 4 6 -10003 13 1 4 10 13 1 4 -6004 10 13 1 10 13 1 -6005 10 13 1 4 6 10 13 2
13 36 1 10 -13001 27013 13 24
-45001 13 34 45 13 45 13045
21 31 31 31021
31 21 31 13 20 21 -31001 21031 13 20 13 45
21 -31001 21031 13 45 13 17013
-13001 23 29 39 13 41013 -23004 29 39 13 -13001 13045
13 45 13 45013 -13001 43013 13 43 -13001 30
48 13 30 48 13 48013 -48002 13 -30004 48 13 48013 13
45 13 20013 13 34 45 13 24 -45001 13 34 -45002 13 45013 45 13 48
13 13020
13 23 29 39 13 41013 -23004 29 39 13 -13001 13045
13 45 13 45013 -13001 43013 -13001 43 -13001 24
-45001 13 34 45 13 20013 -20002 13 41013
-13004 23 29 39 13 17
13 17013 17 13 17 13 20
13 13041 13 41 13 41013 45 13 22 13 32013 -13001 13045
13 45 13 45013 40
-13002 40 -13001 43013
43 -13001 13040
-13002 40 13 48
-13005 48013 48 13 48 13 48013 48 13 39
13 48 13 48013 48 13 48 3
13 14 39 44 3 13 14 39 44 13 45 13 48
3 13 14 39 44 -13001 13020
13 -39005 44 3 13 14 39 44 13 48 3 13 14 39 44 13 45 -13001 13048
39 44 3 13 14 39 44 13 48 3 13 14 39 44 13 45 3 13 14 39 44 -13001 24
45 -13001 45013
20 13 24 -45001 13 34 45 13 13 27
13 27013 -27002 13 27013 27 13 49
-35002 13 36 4 10 13 38 42 -10005 13 35 42 4 10 13 38 42 4 10 13 35 42 4 10 13 42 -13001 36
1 4 6 -10003 13 1 4 -6004 10 13 1 10 13 1 6 -10003 13 1 -6004 10 13 1 10 13 1 6 10 13 4
7 10 11 13 18
49 10 11 13 18
4 7 10 11 13 18
10 11 13 18
49 7 10 11 13 18
49 4 7 10 11 13 18
-13001 39
13 41 13 41013 -13001 4
10 13 42 10 13 35 -42005 4 10 13 38 -42004 10 13 35 -42010 4 10 13 38 42 4 10 13 35 -42005 4 10 13 38 42 10 13 35 42 -13001 1
-10004 13 1 6 -10003 13 1 -6007 10 13 1 10 13 1 -10007 13 1 6 10 13 1 6 10 13 1 6 10 13 13
-13001 10
11 13 18 4 7 10 11 13 18
13 10 11 13 18
13 36 47 10 11 13 13049
13 36 4 7 10 11 13 18
4 10 11 13 18
13 41 13 41013 41 13 41 41013
41 13 41013 41 13 41 7
10 11 13 49 -4005 7 10 11 13 7 10 11 13 4 7 10 11 13 7 10 11 13 13
13 24 -45002 13 -13001 10
13 35 42 10 13 35 -42004 4 10 13 -42004 10 13 35 -42004 4 10 13 35 42 4 10 13 -38006 42 4 10 13 35 42 -13001 1
-10003 13 1 4 10 13 1 -6005 10 13 1 4 6 -10003 13 1 -6005 10 13 1 4 6 10 13 13
13 13 49
-13005 49013 49 13 49 13 49013 49 13 41
13 41013 -41001 13 41 13 41013 41 13 41 13 49
-13005 49013 49 13 49 13 49013 36 4 -7004 10 11 13 -49006 4 7 10 11 13 4 10
11 13 49 -4005 7 10 11 13 -7006 10 11 13 49 4 -7005 10 11 13 49 -10011 11 13 49 4 7 10 11 13 4 7 -10003 11 13 -49005 7 10 11 13 49 4 7 10 11 13 4 7 10 11 13 13
45 13045 -4010 10 13 38 42 4 10 13 35 42 4 -10003 13 42 -4004 10 13 42 4 10 13 35 -42003 10 13 42 4 10 13 38 42 10 13 35 42 1
-10003 13 1 6 10 13 1 4 6 -10003 13 1 4 6 10 13 2
13 36 1 10 -13001 27013 27 -13001 41 13041 -13005 41 13 41013 41 13 41 4
7 10 11 13 4 7 10 11 13 49 10 -13005 49 7 10 11 13 49 -4005 7 10 11 13 -7005 10 11 13 49 4 -7004 10 11 13 49 -4005 7 10 11 13 49 -4005 7 10 11 13 4 10
11 13 49 -4005 7 10 11 13 49 4 7 10 11 13 4 10
11 13 49 4 -7004 10 11 13 -4005 7 10 11 13 -10003 11 13 4 7 -10003 11 13 49 10 11 13 49 -4005 7 10 11 13 10 11 13 4 7 10 11 13 7 10 11 13 49013
34 45 10 11 13 49 4 -7004 10 11 13 -4005 7 10 11 13 -10015 11 13 4 7 10 11 13 7 10 11 13 49 4 7 10 11 13 4 -7004 10 11 13 49 10 13 35 -42004 4 10 13 42 10 13 42 4 10 13 38 -42004 10 13 35 42 4 -10003 13 42 4 10 13 42 4 10 13 38 42 10 13 42 4 10 13 38 42 13
13 27 13 36 -1005 4 6 10 13 -1003 10 13 1 6 10 13 45
45 -4005 7 10 11 13 49 -4015 7 10 11 13 7 10 11 13 49 4 7 10 11 13 -7005 10 11 13 4 -7004 10 11 13 10 11 13 4 7 10 11 13 13
-13005 49013 49 13 49 49013 -49001 13 49 10
-13014 35 42 4 10 13 38 42 4 10 13 38 42 10 13 35 42 1
-4005 6 10 13 1 6 10 13 1 4 6 -10003 13 1 4 10 13 1 4 -6004 10 13 1 10 13 1 6 10 13 45013
-49002 13 36 4 -7004 10 11 13 4 7 10 11 13 49 -7007 10 11 13 10 11 13 -7004 10 11 13 -10004 11 13 7 -10003 11 13 7 -10003 11 13 7 10 11 13 4 -7004 10 11 13 49 10 11 13 -7006 10 11 13 49 4 7 10 11 13 49 -10003 11 13 -7005 10 11 13 4 7 10 11 13 49 7 10 11 13 4 7 10 11 13 49 -10003 11 13 4 10
-13014 38 42 4 10 13 38 42 10 13 35 42 4 10 13 38 42 1
-4005 6 10 13 1 -6007 10 13 1 10 13 1 -10004 13 1 6 -10003 13 1 6 -10003 13 1 6 10 13 1 6 10 13 13045
-4005 7 10 11 13 49 -7004 10 11 13 -4005 7 10 11 13 13
13 49013 49 13 36 4 -7004 10 11 13 4 7 10 11 13 49 -10003 11 13 -7011 10 11 13 10 11 13 7 10 11 13 -7004 10 11 13 -10004 11 13 7 -10003 11 13 -7004 10 11 13 -10004 11 13 7 10 11 13 4 7 10 11 13 13
13 36 4 -7004 10 11 13 4 7 10 11 13 49 4 7 10 11 13 4 10
13 38 42 10 13 35 -42005 4 10 13 38 42 10 13 35 -42004 4 10 13 35 42 4 10 13 38 42 10 13 35 -42005 4 10 13 38 42 10 13 35 42 1
-6007 10 13 1 10 13 1 -10007 13 1 6 10 13 1 -6004 10 13 1 -10003 13 1 10 13 13 41
13041 13 41 13 41013 -45001 10 11 13 -4006 7 10 11 13 49 -10003 11 13 4 -7004 10 11 13 49 4 7 -10003 11 13 49 -4005 7 10 11 13 49 -7006 10 11 13 49 4 7 10 11 13 49 -10003 11 13 4 -7004 10 11 13 49 4 7 -10003 11 13 -4005 7 10 11 13 49 -4005 7 10 11 13 -49011 4 7 10 11 13 49 7 10 11 13 -7004 10 11 13 -10004 11 13 7 10 11 13 4 10
-13014 38 42 4 10 13 38 42 10 13 35 42 4 10 13 42 1
4 -10008 13 1 4 6 10 13 1 -4005 6 10 13 1 -10003 13 1 -6005 10 13 1 4 6 10 13 1 10 13 45
45013 41
41 13041 13 41013 41 7
10 11 13 7 -10008 11 13 4 7 10 11 13 -4005 7 10 11 13 49 4 7 10 11 13 49 -10003 11 13 4 -7004 10 11 13 49 -4008 7 10 11 13 10 11 13 -4009 7 10 11 13 7 10 11 13 4 7 10 11 13 13
13 49013 36 4 -7004 10 11 13 49 -7006 10 11 13 49 4 7 -10003 11 13 -4005 7 10 11 13 49 4 7 10 11 13 49 -10003 11 13 4 -7004 10 11 13 49 4 7 -10003 11 13 49 -4005 7 10 11 13 49 7 10 11 13 49 -10004 13 42 4 10 13 38 -42004 10 13 35 42 4 10 13 42 13 36 10 13 42 13 35 13 35 4
10 13 35 38 42 4 10 13 35 38 42 1
-10003 13 1 -6005 10 13 1 4 -6004 10 13 1 10 13 1 -6005 10 13 1 4 6 10 13 13045
-41002 13 41013 41 13 41 4
-7006 10 11 13 49 4 7 10 11 13 49 -10003 11 13 4 -7004 10 11 13 49 4 7 -10003 11 13 -4005 7 10 11 13 49 -4005 7 10 11 13 7 10 11 13 49 4 7 10 11 13 49 -7004 10 11 13 -10004 11 13 7 -10008 11 13 4 7 10 11 13 -4005 7 10 11 13 49 -10003 11 13 4 10
-13016 35 38 42 4 10 13 35 42 4 10 13 38 42 4 10 13 35 38 42 4 10 13 35 -42004 4 10 13 38 42 4 10 13 35 38 42 13
-13001 1
-10003 13 1 -6005 10 13 1 4 -10005 13 1 4 6 -10003 13 1 6 -10003 13 1 4 6 10 13 13
-13001 13045
45 13 41 13 41013 41 13 41 13041 10
11 13 4 -7004 10 11 13 49 -4008 7 10 11 13 10 11 13 -4009 7 10 11 13 7 10 11 13 4 7 10 11 13 13
13 49013 49 13 36 4 -7005 10 11 13 49 10 11 13 -7006 10 11 13 49 4 7 10 11 13 49 -10003 11 13 10 13
-35019 42 10 13 35 42 4 10 13 38 42 4 10 13 35 38 42 10 13 35 42 10 13 35 -42004 4 10 13 42 13 36 -13001 -1005 4 6 10 13 2
13 36 1 10 -13001 27013
27 1 4 6 -10003 13 1 4 6 10 13 1 6 10 13 13
-45001 -41001 -10002 13 -10004 11 13 7 -10005 11 13 4 7 10 11 13 49 4 7 10 11 13 10 13
4 7 10 11 13 49 -4005 7 10 11 13 49 -7004 10 11 13 4 -7004 10 11 13 49 4 7 10 11 13 10 13
4 -7004 10 11 13 -4005 7 10 11 13 7 10 11 13 10 13
10 13 4 7 10 11 13 13
36 47 10 13
13 49
13 49013 -49002 13 49013 49 13 49 10
13 42 -13002 35 1
-10007 13 1 6 10 13 1 6 -10003 13 1 -6004 10 13 1 10 13 1 6 -10003 13 1 6 10 13 13
34 45 13 45 13 41013
-41002 13 41013 41 13 41 13041 49
13 49 13049 -4005 7 10 11 13 49 4 -7004 10 11 13 49 -4005 7 10 11 13 4 10
-11010 13 49 4 7 10 11 13 7 10 11 13 10 13
-4005 7 10 11 13 7 10 11 13 49 10 13 4
-7005 10 11 13 4 -7005 10 11 13 49 4 -7004 10 11 13 49 7 -10004 11 13 49 10 13 7
-10005 11 13 4 7 -10016 11 13 7 10 11 13 49 4 7 10 11 13 49 4 7 10 11 13 49 4 7 10 11 13 49 -10002 13 10 11 13 49 10 13 10 13 13
-10003 13 1 4 10 13 1 6 -10003 13 1 6 10 13 13045
13 41 4 -7004 10 11 13 -49005 7 10 11 13 49 4 7 -10003 11 13 49 -10003 11 13 49 -4008 7 10 11 13 10 11 13 -10004 11 13 49 4 7 -10003 11 13 -4005 7 10 11 13 -7006 10 11 13 49 4 -7004 10 11 13 49 -7018 10 11 13 49 10 11 13 4 7 10 11 13 4 7 10 11 13 49 -4005 7 10 11 13 -10003 11 13 49 -4005 7 10 11 13 49 4 7 -10003 11 13 49 -4005 7 10 11 13 -7005 10 11 13 4 7 10 11 13 13
35 13 36 -4006 10 13 35 38 42 -10004 13 35 42 4 10 13 38 42 10 13 35 42 4 10 13 35 38 42 4 10 13 35 42 4 10 13 38 42 1
-4005 6 10 13 1 -10003 13 1 -6005 10 13 1 4 -6004 10 13 1 4 6 -10003 13 1 10 13 45
45 41 13 49 13 36 4 7 -10004 11 13 49 7 10 11 13 49 4 7 10 11 13 49 -10003 11 13 7 -10003 11 13 -7004 10 11 13 -10007 11 13 7 10 11 13 -7004 10 11 13 -10007 11 13 7 10 11 13 -7004 10 11 13 -10003 11 13 7 -10003 11 13 7 10 11 13 4 -7004 10 11 13 49 -4005 7 10 11 13 49 -10003 11 13 -7005 10 11 13 4 -7004 10 11 13 4 7 10 11 13 49 -10003 11 13 -4005 7 10 11 13 49 -7004 10 11 13 4 7 10 11 13 10 13
35 42 -10016 13 35 42 4 10 13 38 42 4 10 13 35 38 42 4 10 13 35 -42004 4 10 13 -38005 42 4 10 13 35 42 4 10 13 42 1
-10004 13 1 4 -6004 10 13 1 10 13 1 -6005 10 13 1 4 6 10 13 2
13 36 1 10 -13001 45 13045 -41001 4 7 10 11 13 4 7 10 11 13 13
49 13 49 13049 -49002 13 49013 36 4 7 -10003 11 13 7 10 11 13 4 7 10 11 13 4 10
13 38 42 10 13 35 42 10 13 42 4 10 13 35 38 -42004 10 13 35 42 4 10 13 38 42 10 13 35 42 4 10 13 42 13 36 10 13 42 4 7
10 11 13 4 7 10 11 13 49 -7004 10 11 13 -4005 7 10 11 13 7 10 11 13 49 4 7 10 11 13 13
13 49 49013 49 13 49013
1 4 6 -10003 13 1 6 -10003 13 1 -6004 10 13 1 10 -13001 45 13045 13 41 13 41013 41 13 13
41 13041 -13001 41 13 49
13 36 4 7 10 11 13 49 -10004 11 13 7 10 11 13 4 7 10 11 13 49 4 7 -10003 11 13 -4019 7 10 11 13 49 7 10 11 13 7 10 11 13 4 7 10 11 13 -4005 7 10 11 13 -7005 10 11 13 49 4 7 10 11 13 13
-13001 49
13049 49013 49 13 49 4
-7004 10 11 13 -49005 7 10 11 13 49 10 11 13 4 7 10 11 13 49 4 7 -10003 11 13 4 -7004 10 11 13 10 11 13 13
-1004 6 10 13 1 10 13 1 6 -10003 13 1 -6004 10 13 1 -10003 13 1 6 10 13 2
13 36 1 10 -13001 13045
45 13 41 13 41013 -13001 13041 13 -41001 -7005 10 11 13 49 10 11 13 7 10 11 13 49 4 -7004 10 11 13 -49005 7 10 11 13 49 10 11 13 -7005 10 11 13 49 4 7 10 11 13 49 -4005 7 10 11 13 49 -7004 10 11 13 4 -7004 10 11 13 49 -4008 7 10 11 13 10 11 13 -4005 7 10 11 13 -7005 10 11 13 49 -4005 7 10 11 13 10 11 13 4 7 10 11 13 13
13 36 4 -7005 10 11 13 49 4 7 10 11 13 49 -7007 10 11 13 10 11 13 -7004 10 11 13 -10004 11 13 7 10 11 13 13
-1008 4 6 10 13 1 10 13 -1007 10 13 1 6 10 13 -1004 6 10 13 31
13 45 21 31 13 45 13 41013
41 13 41 7
-10004 11 13 7 -10003 11 13 -7004 10 11 13 -10007 11 13 7 10 11 13 7 -10003 11 13 4 -7004 10 11 13 -49005 7 10 11 13 49 4 7 10 11 13 13
13 49013 36 4 -7004 10 11 13 4 7 10 11 13 49 -10003 11 13 -7011 10 11 13 10 11 13 7 10 11 13 -7004 10 11 13 -10004 11 13 7 -10003 11 13 -7004 10 11 13 -10003 11 13 7 10 11 13 4 7 10 11 13 1
-6004 10 13 1 -10004 13 1 6 -10003 13 1 6 -10003 13 1 6 10 13 1 6 10 13 31
21 31 13 36
47 10 11 13 13049
13 36 4 -7005 10 11 13 49 4 7 -10004 11 13 49 10 11 13 4 7 10 11 13 49 4 7 -10003 11 13 7 10 11 13 49 4 -7004 10 11 13 -4005 7 10 11 13 -49005 7 10 11 13 -49011 4 7 10 11 13 4 7 10 11 13 -4005 7 10 11 13 49 -7004 10 11 13 4 -7004 10 11 13 49 -4008 7 10 11 13 10 11 13 4 -7004 10 11 13 -4005 7 10 11 13 -10005 11 13 4 7 10 11 13 13
13 49 -1003 10 13 1 6 10 13 1 4 6 10 13 2
13 36 1 10 -13001 27013 36 1 4 6 -10003 13 1 6 -10003 13 1 6 10 13 21
31 13 49
4 -7004 10 11 13 4 7 -10003 11 13 4 7 10 11 13 49 4 7 -10003 11 13 7 10 11 13 49 -4018 7 10 11 13 7 10 11 13 7 10 11 13 4 7 10 11 13 4 7 10 11 13 49 -4005 7 10 11 13 49 -7004 10 11 13 4 -7004 10 11 13 49 -4008 7 10 11 13 10 11 13 4 -7004 10 11 13 -4005 7 10 11 13 -10005 11 13 4 7 10 11 13 13
-1005 4 6 10 13 -1003 10 13 1 -6005 10 13 1 4 -6004 10 13 1 4 6 -10003 13 1 10 13 31021
31 -49002 13 49013 36 4 -7004 10 11 13 49 4 7 10 11 13 49 7 -10003 11 13 -7004 10 11 13 -10004 11 13 7 -10003 11 13 7 -10003 11 13 -7004 10 11 13 10 11 13 7 -10003 11 13 7 10 11 13 4 7 10 11 13 13
-10004 13 1 4 -6004 10 13 1 10 13 1 -6005 10 13 1 4 -6004 10 13 1 10 13 1 6 10 13 1 10 13 21031
31 1 -10004 13 1 6 -10003 13 1 6 -10003 13 1 -6004 10 13 1 -10007 13 1 6 10 13 1 10 13 1 6 10 13 21
31 13 45 -1003 10 13 1 6 -10003 13 1 4 -10003 13 1 4 6 10 13 2
13 36 1 10 13 21031
-13001 36 -1005 4 6 10 13 -1003 10 13 1 -6005 10 13 1 4 -6004 10 13 1 4 6 -10003 13 1 4 10 13 1 4 -6004 10 13 1 10 13 1 -6005 10 13 1 4 6 10 13 2
13 36 1 10 -13001 27013 -27002 13 36 -1005 4 6 10 13 -1003 10 13 1 -6005 10 13 1 4 -6004 10 13 1 4 6 -10003 13 1 4 10 13 1 4 -6004 10 13 1 10 13 1 -6005 10 13 1 4 6 10 13 2
13 36 1 10 -13001 27013 13 36 -1008 4 6 10 13 1 10 13 1 10 13 1 6 -10003 13 1 -6004 10 13 1 -10007 13 1 6 10 13 1 -6004 10 13 1 -10007 13 1 6 10 13 1 -6004 10 13 1 10 13 1 6 -10003 13 1 6 10 13 1 4 6 10 13 45
2 13 36 1 10 -13001 27013 -13001 27013 13 36 1 4 6 -10003 13 1 4 -6004 10 13 1 -10003 13 1 -6004 10 13 1 6 10 13 13
23 29 39 13 23 29 39 13 41
-1022 10 13 1 6 10 13 1 6 10 13 1 6 10 13 1 10 13 1 6 10 13 -1003 10 13 1 6 10 13 13
13 23
29 39 -1003 10 13 1 4 10 13 1 6 -10003 13 1 4 6 10 13 2
13 36 1 10 -13001 27013 -13001 36 1 4 6 -10003 13 1 4 -6004 10 13 1 -10003 13 1 -6004 10 13 1 -10007 13 1 6 10 13 1 -6004 10 13 1 -10007 13 1 6 10 13 1 -6004 10 13 1 -10003 13 1 -6004 10 13 1 -10003 13 1 4 10 13 1 6 -10003 13 1 4 6 10 13 2
13 36 1 10 -13001 27013 13 27 13 36 1 4 6 -10003 13 1 -6004 10 13 1 4 -6004 10 13 1 -10003 13 1 -6004 10 13 1 -10004 13 1 6 -10003 13 1 6 -10003 13 1 -6004 10 13 1 10 13 1 4 10 13 1 6 -10003 13 1 4 6 10 13 2
13 36 1 10 -13001 27013 27 45
-13002 27 1 4 6 -10003 13 1 4 -6004 10 13 1 -10007 13 1 6 10 13 1 -6004 10 13 1 -10004 13 1 6 -10003 13 1 -6007 10 13 1 10 13 1 -6004 10 13 1 -10003 13 1 4 -10004 13 1 6 -10003 13 1 4 6 10 13 2
13 36 1 10 -13001 13020
1 4 6 -10003 13 1 6 -10003 13 1 -6004 10 13 1 -10004 13 1 6 -10003 13 1 6 -10003 13 1 -6004 10 13 1 -10003 13 1 6 10 13 2
13 36 1 10 -13001 -1008 4 6 10 13 1 10 13 -1007 10 13 1 6 10 13 -1004 6 10 13 1 -10004 13 1 6 -10003 13 1 6 -10003 13 1 -6004 10 13 1 -10003 13 1 6 10 13 1 4 6 10 13 2
13 36 1 10 -13001 1 4 -6004 10 13 1 -10003 13 1 -6004 10 13 1 -10004 13 1 6 -10003 13 1 -6004 10 13 1 -10007 13 1 6 10 13 1 -10003 13 1 6 10 13 2
13 36 1 10 -13001 1 4 6 -10003 13 1 4 -6004 10 13 1 -10003 13 1 -6004 10 13 1 -10004 13 1 6 -10003 13 1 -6004 10 13 1 -10007 13 1 6 10 13 1 -10003 13 1 6 10 13 1 4 6 10 13 2
13 36 1 10 -13001 45 13045 13 45 45
-13001 36
1 4 6 -10003 13 1 4 -6004 10 13 1 -10003 13 1 -6004 10 13 1 6 10 13 13045
-13001 13041
13 41 13 41013 -41002 13 -13001 49
13 36 4 -7007 10 11 13 10 11 13 -7005 10 11 13 49 4 7 10 11 13 13
-13001 1
-10004 13 1 6 -10003 13 1 6 -10003 13 1 -6004 10 13 1 10 13 1 6 -10003 13 1 6 10 13 13
13 44
13 45 -41002 13 41013 41 13 41 13041 -41002 13 -13001 49
13 49013 49 13 36 4 7 -10003 11 13 7 10 11 13 4 7 10 11 13 49 -10003 11 13 -7004 10 11 13 -10003 11 13 -7004 10 11 13 10 11 13 7 -10003 11 13 -7004 10 11 13 10 11 13 4 -7004 10 11 13 49 -4005 7 10 11 13 49 4 7 10 11 13 49 -10003 11 13 -7005 10 11 13 4 7 10 11 13 49 7 10 11 13 4 7 10 11 13 49 -10003 11 13 -4005 7 10 11 13 49 -7004 10 11 13 -4005 7 10 11 13 13
49 49013 49 -13001 1
-10003 13 1 4 10 13 1 6 -10003 13 1 4 6 10 13 2
13 36 1 10 -13001 27013 -13001 45013 13 45
-41013003 41 13 41 13 41013 41 13 35
-13002 35 13 13
4 -7009 10 11 13 49 7 10 11 13 -49005 7 10 11 13 10 11 13 4 7 10 11 13 49 4 7 -10003 11 13 -49005 7 10 11 13 49 10 11 13 -7005 10 11 13 49 -4005 7 10 11 13 10 11 13 4 7 10 11 13 13
13 36 -4010 7 10 11 13 49 7 10 11 13 -10007 11 13 7 10 11 13 7 -10003 11 13 -7004 10 11 13 -10004 11 13 7 -10003 11 13 7 10 11 13 7 10 11 13 13
-13001 13045
13 44 13 45013 36 1 4 6 -10003 13 1 4 -6004 10 13 1 -10003 13 1 -6004 10 13 1 10 13 1 6 10 13 13
41 13041 13 41 13 41013 -41002 13 41013 13 36
4 10 13 35 38 42 10 13 42 4 10 13 42 13 36 10 13 42 -13001 7
-10007 11 13 7 10 11 13 4 -7004 10 11 13 -49005 7 10 11 13 49 4 7 10 11 13 13
13 36 4 7 10 11 13 49 7 -10003 11 13 -7005 10 11 13 49 10 11 13 4 7 10 11 13 13
13 49013 36 -4010 7 10 11 13 49 7 10 11 13 -10003 11 13 -7004 10 11 13 -10004 11 13 7 -10003 11 13 -7004 10 11 13 -10003 11 13 13
-13001 13045
45 -1004 6 10 13 1 -10004 13 1 6 -10003 13 1 6 -10003 13 1 -6004 10 13 1 10 13 1 4 10 13 13
13 -41001 13041 13 20
7 -10003 11 13 -7004 10 11 13 4 7 10 11 13 13
13 49013 -49002 13 36 4 7 -10003 11 13 7 10 11 13 4 7 10 11 13 49 -7007 10 11 13 10 11 13 -7004 10 11 13 -10007 11 13 7 10 11 13 -7004 10 11 13 -10007 11 13 7 10 11 13 -7004 10 11 13 -10007 11 13 7 10 11 13 7 -10003 11 13 7 10 11 13 4 -7004 10 11 13 49 -4005 7 10 11 13 49 -10003 11 13 -7005 10 11 13 4 7 10 11 13 7 10 11 13 13
45 13045 1 6 -10003 13 1 4 6 10 13 2
13 36 1 10 -13001 27013 13 27 13 36 1 4 6 10 13 13
41 13041 13 41 13 41013 41 13 41 13041 4
7 10 11 13 49 -10003 11 13 -4005 7 10 11 13 49 -7004 10 11 13 -4005 7 10 11 13 13
36 4 -7004 10 11 13 -4005 7 10 11 13 49 -10003 11 13 -7004 10 11 13 4 -7004 10 11 13 49 7 10 11 13 49 10 11 13 4 7 10 11 13 13
13 49013 49 13 49 13049 -49002 13 49013 49 13 36 4 -7004 10 11 13 4 7 10 11 13 49 10 11 13 10 11 13 13
45 13045 13 44 -1003 10 13 -1004 6 10 13 1 4 -6004 10 13 1 -10007 13 1 6 10 13 1 6 10 13 1 6 10 13 13
41 13041 13 41 13 41013 41 13 41 13041 -7011 10 11 13 10 11 13 7 10 11 13 -7004 10 11 13 -10004 11 13 7 -10003 11 13 -7004 10 11 13 -10003 11 13 7 10 11 13 4 7 10 11 13 13
13 36 4 -7004 10 11 13 49 7 10 11 13 4 7 -10003 11 13 4 -7013 10 11 13 49 4 7 10 11 13 10 11 13 -7005 10 11 13 4 -7004 10 11 13 -4005 7 10 11 13 49 -4005 7 10 11 13 49 7 10 11 13 7 10 11 13 45
13 44013
48 45 13 44 1 6 -10003 13 1 -6004 10 13 1 -10007 13 1 6 10 13 1 -6004 10 13 1 10 13 1 10 13 13 41
13041 13 41 13 41013 41 13 41 13041 -7004 10 11 13 4 -7004 10 11 13 49 -4008 7 10 11 13 10 11 13 4 -7004 10 11 13 -4005 7 10 11 13 -10005 11 13 4 7 10 11 13 13
-7004 10 11 13 49 4 7 -10003 11 13 4 -7013 10 11 13 49 4 7 10 11 13 10 11 13 7 10 11 13 49 -4005 7 10 11 13 49 -7004 10 11 13 -49011 4 7 10 11 13 4 7 10 11 13 49 -7004 10 11 13 4 7 10 11 13 13
45 13045 -13003 1 10 13 1 4 10 13 1 6 -10003 13 1 4 6 10 13 2
13 36 1 10 -13001 27013 27 13 27 13 41
41 13041 13 41013 -41002 13 41013 48
13 45013 13045 13 44 -13001 7 10 11 13 49 -4008 7 10 11 13 10 11 13 4 -7004 10 11 13 -4005 7 10 11 13 -10005 11 13 4 7 10 11 13 13
13 36 4 7 10 11 13 49 10 11 13 7 10 11 13 4 7 10 11 13 49 7 -10003 11 13 -7004 10 11 13 -10007 11 13 7 10 11 13 -7004 10 11 13 -10007 11 13 7 10 11 13 -7004 10 11 13 10 11 13 7 -10003 11 13 -7004 10 11 13 -10003 11 13 4 -7004 10 11 13 49 -4005 7 10 11 13 49 -10003 11 13 13
27 13 27 1 4 6 -10003 13 1 4 -6004 10 13 1 10 13 1 6 -10003 13 1 6 10 13 13
41 13 41013 41 13 43
-13001 44
13 44 -7005 10 11 13 4 -7004 10 11 13 4 7 10 11 13 49 -10003 11 13 -4005 7 10 11 13 49 -7004 10 11 13 -4005 7 10 11 13 13
-49002 13 49013 -49002 13 49013 49 13 49 13049 -1023 6 10 13 1 10 13 1 6 10 13 1 6 10 13 1 6 10 13 1 6 10 13 -1007 6 10 13 1 10 13 13 41
-13041004 13 13 41 13 48013
13049 49 13 36 4 -7004 10 11 13 10 11 13 4 7 10 11 13 13
13 49 49013 -49001 1 6 -10003 13 1 -6004 10 13 1 -10003 13 1 4 -10004 13 1 6 -10003 13 1 4 6 10 13 2
13 36 1 10 13 13 49
13 36 4 -7004 10 11 13 4 7 10 11 13 49 -7007 10 11 13 10 11 13 -7004 10 11 13 -10004 11 13 7 -10003 11 13 -7004 10 11 13 -10004 11 13 7 10 11 13 4 7 10 11 13 13
41013 13 44
-13001 1 4 -6004 10 13 1 -10003 13 1 -6004 10 13 1 6 10 13 7
49 13049 13 49013 49 13 36 4 -7004 10 11 13 4 7 10 11 13 49 -10003 11 13 7 -10003 11 13 -7004 10 11 13 -10004 11 13 7 -10003 11 13 7 10 11 13 4 7 10 11 13 13
13 36 4 -7004 10 11 13 10 11 13 4 7 10 11 13 13
13 49013 49 -13001 48 1
6 -10003 13 1 -6004 10 13 1 -10013 13 1 6 10 13 1 10 13 1 10 13 1 10 13 49
13 49013 -49002 13 49013 49 13 36 4 -7004 10 11 13 -49006 4 7 10 11 13 49 -10003 11 13 -7005 10 11 13 4 10
13 49013 49 13 49 13049 -49002 13 49013 36 4 -7005 10 11 13 49 10 11 13 7 10 11 13 49 -4005 7 10 11 13 49013
1 6 10 13 2
13 36 1 10 -13001 1 4 6 -10003 13 1 4 -6004 10 13 1 -10003 13 1 -6004 10 13 1 6 10 13 10
13 49013 49 13 49 13049 -49001 13 20 -1004 6 10 13 1 -10004 13 1 6 -10003 13 1 6 -10003 13 1 10 -13001 45 1
6 -10003 13 1 6 10 13 1 4 6 10 13 2
13 36 1 10 -13001 36
-1008 4 6 10 13 1 10 13 1 10 -13001 45 13
44013
45 -13011 1 6 10 13 1 10 13 1 6 10 13 1 -10004 13 1 6 -10003 13 1 6 -10003 13 1 6 10 13 1 6 10 13 13
48 13 1
-6004 10 13 1 -10007 13 1 6 10 13 1 6 -10003 13 1 6 10 13 1 4 6 10 13 2
13 36 1 10 -13001 27013 13 39
-13001 44
13 48 -1004 6 10 13 1 -10004 13 1 6 -10003 13 1 6 -10003 13 1 10 -13001 1
-10004 13 1 6 -10003 13 1 6 10 13 2
13 36 1 10 -13001 -1008 4 6 10 13 1 10 13 1 10 13 1 6 10 13 13
39 13 24 45 3
13 14 39 44 13 48 13 48
-10004 13 1 6 -10003 13 1 -6004 10 13 1 10 13 3
13 14 39 44 13 34 45 13 48
3 13 14 39 44 1 6 -10003 13 1 -6004 10 13 1 -10003 13 1 6 10 13 1 4 6 10 13 2
-3005 13 14 39 44 13 27 13 36 1 4 6 -10003 13 1 -6004 10 13 1 4 6 10 13 3
13 14 39 44 3 13 14 39 44 -1007 6 10 13 1 10 13 -1004 6 10 13 1 -10004 13 1 6 -10003 13 1 6 10 13 1 10 13 3
13 14 39 44 3 13 14 39 44 -1004 6 10 13 -1003 10 13 1 4 10 13 1 6 -10003 13 1 4 6 10 13 2
13 36 1 10 13 3
13 14 39 44 3 13 14 39 44 13 27 13 27013 27 -13001 36 1 4 6 -10003 13 1 4 6 10 13 1 10 13 3
13 14 39 44 3 13 14 39 44 -1007 10 13 1 6 10 13 -1004 6 10 13 1 -10004 13 1 6 -10003 13 1 6 -10003 13 1 6 10 13 3
13 14 39 44 3 13 14 39 44 -1004 6 10 13 1 10 13 1 6 10 13 1 4 6 10 13 2
13 36 1 10 -13001 27013 13 3
13 14 39 44 3 13 14 39 44 13 24 45 13 27
13 27 1 4 6 -10003 13 1 4 -6004 10 13 1 -10007 13 1 6 10 13 1 -6004 10 13 1 6 10 13 3
3 13 14 39 44 13 34 45 1
-6004 10 13 1 -10004 13 1 6 -10003 13 1 -6004 10 13 1 -10004 13 1 6 10 13 3
13 14 39 44 3 13 14 39 44 1 10 13 1 4 -10004 13 1 6 -10003 13 1 4 6 10 13 2
4 6 10 13 1 10 13 3
13 14 39 44 3 13 14 39 44 -1007 10 13 1 6 10 13 -1004 6 10 13 1 -10004 13 1 6 10 13 3
13 14 39 44 3 13 14 39 44 1 6 -10003 13 1 6 10 13 2
13 36 1 10 -13001 -1008 4 6 10 13 1 10 13 -1007 10 13 1 6 10 13 1 6 10 13 3
-13005 14 39 44 3 13 14 39 44 13 45 -1004 6 10 13 1 -10004 13 1 6 -10003 13 1 6 10 13 1 4 6 10 13 2
13 36 -3005 13 14 39 44 1 10 -13001 27013 27 -13001 27 13 36 1 4 6 -10003 13 1 4 6 10 13 2
13 14 39 44 13 27 13 27013 -27002 13 36 1 4 6 -10003 13 1 -6005 10 13 1 4 6 10 13 3
13 14 39 44 1 4 6 -10003 13 1 -6005 10 13 1 4 -6004 10 13 1 4 6 -10003 13 1 4 10 13 13
4 -6004 10 13 1 10 13 1 -6005 10 13 1 4 6 10 13 2
13 36 1 10 -13001 27013 -13001 24
45 13 34 45 13 20013 45013
48013 39 -3004 13 39 44 -3005 13 14 39 44 3 13 39 44 13 45 3 13 14 -39004 44 3 13 14 39 44 3 13 14 39 44 -13001 30
48 13 48013 48 -13001 45013
48 13 39 -3004 13 39 44 -13001 -3005 13 14 39 44 13 48 13 40013
48 13 48 3
13 39 44 13 40 13 40 3
13 14 -39004 44 3 13 14 39 44 13 40 13 40 3
13 14 39 44 13 23 29 39 13 41013 40
13 40 -13001 23
29 39 -13001 23 29 39 13 40
-13002 40 13 48
-40002 13 13 13 40013
-40002 13 48
-40002 13 40 46
26 28 13 25 13 32 -13001 13045
45 13 34 45 13 49
13 27 13 27013 -27002 13 27013 39
-13002 35 13 36 4 10 13 38 42 10 13 42 4 10 13 35 42 4 10 13 38 42 4 10 13 35 42 4 10 13 42 13 4
7 10 11 13 49 -10004 11 13 7 -10005 11 13 4 7 10 11 13 49 -10003 11 13 -4005 7 10 11 13 -10003 11 13 -7005 10 11 13 49 4 -7004 10 11 13 -49006 4 7 10 11 13 -10003 11 13 4 -7004 10 11 13 -4005 7 10 11 13 10 11 13 4 -7007 10 11 13 10 11 13 4 -7004 10 11 13 49 4 -7004 10 11 13 -4006 7 10 11 13 49 -10003 11 13 4 -7004 10 11 13 49 4 7 -10003 11 13 -4005 7 10 11 13 -49006 4 7 10 11 13 49 -10003 11 13 13
-13001 36
-13001 4
10 13 42 10 13 35 -42005 4 10 13 38 -42004 10 13 35 -42010 4 10 13 38 42 4 10 13 35 -42005 4 10 13 38 42 10 13 35 42 -13001 13041
13 41 13 41013 41 13 41 10
11 13 4 -7004 10 11 13 49 4 7 -10003 11 13 -4005 7 10 11 13 49 -10003 11 13 -7010 10 11 13 10 11 13 10 11 13 -10003 11 13 -7004 10 11 13 -10003 11 13 7 -10003 11 13 7 -10003 11 13 4 -7004 10 11 13 -49005 7 10 11 13 49 4 7 10 11 13 13
11 13 49 4 -7004 10 11 13 49 -4005 7 10 11 13 -10005 11 13 49 7 -10010 11 13 49 4 7 10 11 13 7 10 11 13 49 -4005 7 10 11 13 7 10 11 13 4 7 10 11 13 7 10 11 13 13
-13001 1
-10004 13 1 6 -10003 13 1 -6007 10 13 1 10 13 1 -10007 13 1 6 10 13 1 6 10 13 1 6 10 13 45
45 -10004 13 35 42 -4004 10 13 42 -10004 13 35 42 -4004 10 13 42 10 13 -42005 4 10 13 38 42 4 10 13 35 42 13 41 13041 41013
41 13 41013 -41002 13 41013 49
-13005 49 13 49013 49 13 49 13 36 4 -7004 10 11 13 -49006 4 7 10 11 13 4 10
-11015 13 49 4 7 10 11 13 4 7 10 11 13 7 10 11 13 49 -10011 11 13 49 4 7 10 11 13 4 7 -10003 11 13 -49005 7 10 11 13 49 4 7 10 11 13 4 7 10 11 13 13
-10003 13 1 4 10 13 1 -6005 10 13 1 4 6 -10003 13 1 -6005 10 13 1 4 6 10 13 45013
4 10 13 38 42 10 13 42 4 10 13 38 42 4 10 13 35 42 4 -10003 13 42 -4004 10 13 42 -10003 13 42 4 10 13 38 42 10 13 35 42 13 41 13041 41013
41 13 41013 -41002 13 41013 41 4
7 10 11 13 4 7 10 11 13 10 13
-7005 10 11 13 49 -4005 7 10 11 13 -7005 10 11 13 49 4 -7004 10 11 13 49 -4005 7 10 11 13 49 -4005 7 10 11 13 49 4 10
11 13 49 4 -7004 10 11 13 -4005 7 10 11 13 49 -10003 11 13 4 7 -10003 11 13 49 10 11 13 49 -4005 7 10 11 13 10 11 13 4 -7004 10 11 13 49 10 11 13 49 4 -7004 10 11 13 -4005 7 10 11 13 -49006 4 7 10 11 13 -7015 10 11 13 49 4 7 10 11 13 4 7 10 11 13 7 10 11 13 49 1
45 10 13 35 -42004 4 10 13 42 10 13 42 4 10 13 38 -42004 10 13 35 42 4 -10003 13 42 4 10 13 42 4 10 13 38 42 10 13 42 4 10 13 38 42 13041
13 41013 -41002 13 41013 41 13 41 4
7 -10008 11 13 4 7 10 11 13 -7015 10 11 13 49 4 7 10 11 13 4 7 10 11 13 7 10 11 13 49 4 -7004 10 11 13 -4005 7 10 11 13 7 -10004 11 13 49 4 7 10 11 13 13
-13005 49013 49 13 49 49013 49 13 49 49013 49 -13001 27 13 36 -1005 4 6 10 13 -1003 10 13 1 6 10 13 13045
45 -10014 13 35 42 4 10 13 38 42 4 10 13 38 42 10 13 35 42 13 49 13 49013 36 -4010 7 10 11 13 49 7 10 11 13 -10007 11 13 7 10 11 13 7 -10003 11 13 -7004 10 11 13 10 11 13 7 -10003 11 13 7 10 11 13 4 -7004 10 11 13 49 10 11 13 -7006 10 11 13 49 4 7 10 11 13 49 -10003 11 13 -7005 10 11 13 4 7 10 11 13 49 7 10 11 13 4 7 10 11 13 49 -10003 11 13 1
-4005 6 10 13 1 6 10 13 1 4 6 -10003 13 1 4 10 13 1 4 -6004 10 13 1 10 13 1 6 10 13 45
45 -4005 10 13 38 42 -10014 13 35 42 4 10 13 38 42 4 10 13 38 42 10 13 35 42 4 10 13 38 42 4 7
10 11 13 4 7 10 11 13 49 -7004 10 11 13 -4005 7 10 11 13 13
13 49013 49 13 36 4 -7005 10 11 13 49 4 7 10 11 13 49 -10003 11 13 -7011 10 11 13 10 11 13 7 10 11 13 -7004 10 11 13 -10004 11 13 7 -10003 11 13 -7004 10 11 13 -10004 11 13 7 10 11 13 4 7 10 11 13 13
13 36 4 7 10 11 13 49 -7004 10 11 13 49 4 7 10 11 13 49 4 7 10 11 13 1
4 10 13 38 42 10 13 35 -42005 4 10 13 38 42 10 13 35 -42004 4 10 13 35 42 4 10 13 38 42 10 13 35 -42005 4 10 13 38 42 10 13 35 42 10 11
-13005 4 7 10 11 13 49 -10003 11 13 4 -7004 10 11 13 49 4 7 -10003 11 13 -4005 7 10 11 13 7 10 11 13 49 -4005 7 10 11 13 49 -10003 11 13 4 -7004 10 11 13 49 4 7 -10003 11 13 -49016 4 7 10 11 13 4 7 10 11 13 4 7 10 11 13 49 7 10 11 13 49 4 7 10 11 13 49 -7004 10 11 13 -10004 11 13 7 10 11 13 1
-6007 10 13 1 10 13 1 -10007 13 1 6 10 13 1 -6004 10 13 1 -10003 13 1 10 -13001 45 45
-4005 10 13 38 42 -10014 13 35 42 4 10 13 38 42 4 10 13 38 42 10 13 35 42 4 10 13 42 41
13 41 13 41013 41 7
10 11 13 7 -10008 11 13 4 7 10 11 13 10 11 13 49 -4005 7 10 11 13 49 -10003 11 13 4 -7004 10 11 13 49 -4008 7 10 11 13 10 11 13 -4009 7 10 11 13 7 10 11 13 4 7 10 11 13 13
13 49013 36 4 -7004 10 11 13 4 7 10 11 13 49 4 7 -10003 11 13 -4005 7 10 11 13 49 -10003 11 13 4 -7004 10 11 13 49 4 7 -10003 11 13 -4005 7 10 11 13 7 10 11 13 49 1
4 -10008 13 1 4 6 10 13 1 -4005 6 10 13 1 -10003 13 1 -6005 10 13 1 4 6 10 13 1 10 13 13 24
45 45 10
-13004 42 4 10 13 38 42 10 13 35 42 10 13 42 4 10 13 42 13 36 10 13 42 13 35 13 35 4
10 13 38 42 4 10 13 38 42 13041
41 13041 13 41013 41 13 4
-7005 10 11 13 4 7 10 11 13 49 -10003 11 13 4 -7004 10 11 13 49 4 7 -10003 11 13 -4005 7 10 11 13 49 -4005 7 10 11 13 7 10 11 13 49 4 7 10 11 13 49 -7004 10 11 13 -10004 11 13 7 -10008 11 13 4 7 10 11 13 -4005 7 10 11 13 -49006 4 7 10 11 13 49 -10003 11 13 13
-10003 13 1 -6005 10 13 1 4 -6004 10 13 1 10 13 1 -6005 10 13 1 4 6 10 13 13
34 45 4
-10015 13 38 42 4 10 13 35 42 4 10 13 38 42 4 10 13 38 42 4 10 13 35 -42004 4 10 13 38 42 4 10 13 38 42 13
13 41 13 41013 -41002 13 -13001 10
13 -49001 10 11 13 13
49 49013 36 4 -7004 10 11 13 10 11 13 7 10 11 13 49 -4005 7 10 11 13 49 -10003 11 13 13
-1003 10 13 1 -6005 10 13 1 4 -10005 13 1 4 6 -10003 13 1 6 -10003 13 1 4 6 10 13 13045
-13016 42 10 13 42 4 10 13 38 42 4 10 13 38 42 10 13 42 10 13 35 -42004 4 10 13 42 13 36 13 41 13 41013 -41001 -13001 10
-11003 13 10 -11004 13 7 10 -11005 13 4 7 10 11 13 49 4 7 -10003 11 13 -4011 7 10 11 13 49 4 7 10 11 13 49 -7004 10 11 13 4 -7004 10 11 13 49 4 7 -10003 11 13 4 -7004 10 11 13 -4005 7 10 11 13 7 -10003 11 13 4 7 10 11 13 13
13 49013 -49002 13 49013 49 13 49 1
27 1 4 -6004 10 13 1 4 6 10 13 1 6 10 13 13045
45 10 13 42 -13002 35 41
49 13 49 13049 -4005 7 10 11 13 49 4 -7004 10 11 13 49 -4005 7 10 11 13 4 10
-11010 13 49 4 7 10 11 13 7 10 -11023 13 49 10 13 49 4 7 10 11 13 4 7 10 11 13 4 7 10 11 13 7 10 11 13 49 7 10 11 13 49 4 -7004 10 11 13 49 7 10 11 -13003 49 10 13 49 7 10 11 13 49 -4005 7 10 11 13 -7006 10 11 13 49 4 -7004 10 11 13 49 -4005 7 10 11 13 49 4 7 -10007 11 13 49 10 13 49 10 13 49 10 13 49 1
-10007 13 1 6 10 13 1 6 -10003 13 1 -6004 10 13 1 10 13 1 6 10 13 45
45013 35
-13002 35 13 41
13 36 47 10 11 13 18
-1003 10 13 1 4 10 13 1 6 -10003 13 1 6 10 13 13045
13 35
13 36 -4006 10 13 35 38 42 -10004 13 35 42 4 10 13 38 42 10 13 35 42 4 10 13 35 38 42 4 10 13 35 42 4 10 13 38 42 13041
13 41013 49 13 36 4 7 10 11 13 18
-1005 4 6 10 13 -1003 10 13 1 -6005 10 13 1 4 -6004 10 13 1 4 6 -10003 13 1 10 -13001 45 13045 -10004 13 35 42 -4005 10 13 38 42 4 10 13 35 42 4 10 13 -38006 42 4 10 13 35 -42004 4 10 13 -38005 42 4 10 13 35 38 42 4 10 13 35 42 4 10 13 42 41
4 7 10 11 13 4 7 10 11 13 13
49 13 49 13049 -49002 13 49013 36 4 7 -10003 11 13 -7005 10 11 13 4 7 10 11 13 49 -7004 10 11 13 -4005 7 10 11 13 7 10 11 13 49 4 7 10 11 13 13
13 49 49013 49 13 49 1
13 36 1 10 13 13 4
10 13 38 -42003 10 13 42 4 10 13 38 -42004 10 13 35 42 4 10 13 38 42 10 13 42 4 10 13 42 13 36 10 13 42 41
41 13 49 13 36 4 7 -10003 11 13 -7004 10 11 13 4 7 10 11 13 49 -4008 7 10 11 13 10 11 13 -7005 10 11 13 4 -7004 10 11 13 -4005 7 10 11 13 -7005 10 11 13 49 4 7 10 11 13 13
-7004 10 11 13 -49005 7 10 11 13 49 10 11 13 4 7 10 11 13 49 4 7 -10003 11 13 4 7 10 11 13 49 7 10 11 13 10 11 13 13
13 41 13 41013 13 41 13 13041
13 45 -7005 10 11 13 49 10 11 13 7 10 11 13 49 4 -7004 10 11 13 -49005 7 10 11 13 49 10 11 13 -7005 10 11 13 49 4 7 10 11 13 49 -4005 7 10 11 13 49 -7004 10 11 13 4 -7004 10 11 13 49 -4008 7 10 11 13 10 11 13 -4005 7 10 11 13 -7005 10 11 13 49 -4005 7 10 11 13 10 11 13 4 7 10 11 13 13
13 36 4 -7004 10 11 13 4 7 10 11 13 49 -7007 10 11 13 10 11 13 -7004 10 11 13 -10004 11 13 7 10 11 13 1
-6004 10 13 1 -10003 13 1 -6004 10 13 1 -10003 13 1 6 10 13 2
13 36 1 10 13 13 41
13041 -13001 13041
13 -41001 13 45 13 1
4 -6004 10 13 1 4 6 -10003 13 1 6 -10003 13 1 -6004 10 13 1 6 10 13 7
13 49013 36 4 -7005 10 11 13 49 4 7 10 11 13 49 -10003 11 13 -7011 10 11 13 10 11 13 7 10 11 13 -7004 10 11 13 -10004 11 13 7 -10003 11 13 -7004 10 11 13 -10003 11 13 7 10 11 13 4 7 10 11 13 13
41 13041 13 41 -13001 1
-6004 10 13 1 -10003 13 1 6 10 13 1 6 10 13 13
13 36 4 -7004 10 11 13 4 7 -10003 11 13 4 7 10 11 13 49 4 7 -10003 11 13 7 10 11 13 49 -4018 7 10 11 13 7 10 11 13 7 10 11 13 4 7 10 11 13 4 7 10 11 13 49 -4005 7 10 11 13 49 -7004 10 11 13 4 -7004 10 11 13 49 -4008 7 10 11 13 10 11 13 4 -7004 10 11 13 -4005 7 10 11 13 -10005 11 13 4 7 10 11 13 13
13 36 1 10 -13001 27013 36 1 4 6 -10003 13 1 -6004 10 13 1 10 13 1 6 10 13 13
49 4 7 10 11 13 49 -7004 10 11 13 4 7 10 11 13 49 -10003 11 13 4 7 10 11 13 49 4 7 -10003 11 13 7 10 11 13 49 4 7 10 11 13 49 -7004 10 11 13 49 -4005 7 10 11 13 -7004 10 11 13 -4005 7 10 11 13 49 -4005 7 10 11 13 49 -7004 10 11 13 4 -7004 10 11 13 49 -4008 7 10 11 13 10 11 13 4 -7004 10 11 13 -4005 7 10 11 13 -10005 11 13 4 7 10 11 13 13
-1005 4 6 10 13 -1003 10 13 1 -6005 10 13 1 4 -6004 10 13 1 4 6 -10003 13 1 10 13 49
13 49013 49 13 36 4 -7004 10 11 13 4 7 10 11 13 49 7 -10003 11 13 -7004 10 11 13 -10004 11 13 7 -10003 11 13 7 -10003 11 13 -7004 10 11 13 10 11 13 7 -10003 11 13 7 10 11 13 4 7 10 11 13 13
-10004 13 1 4 -6004 10 13 1 10 13 1 -6005 10 13 1 4 -6004 10 13 1 10 13 1 6 -10003 13 1 -6004 10 13 1 -10007 13 1 6 10 13 1 -6004 10 13 1 10 13 1 6 -10003 13 1 6 10 13 13
20 -1003 10 13 1 6 -10003 13 1 4 -10003 13 1 4 6 10 13 2
13 36 1 10 13 13 20
13 36 1 10 -13001 27013 -13001 36 1 4 6 -10003 13 1 6 10 13 1 4 -6004 10 13 1 -10003 13 1 -6004 10 13 1 -10007 13 1 6 10 13 1 -6004 10 13 1 -10007 13 1 6 10 13 1 -6004 10 13 1 -10003 13 1 -6004 10 13 1 -10003 13 1 4 10 13 1 6 -10003 13 1 4 6 10 13 2
13 36 1 10 -13001 27013 13 27 13 36 1 4 6 -10003 13 1 -6004 10 13 1 4 -6004 10 13 1 -10003 13 1 -6004 10 13 1 -10004 13 1 6 -10003 13 1 -6004 10 13 1 10 13 1 4 10 13 1 6 -10003 13 1 4 6 10 13 2
13 36 1 10 -13001 27013 -27002 13 27 -1009 4 6 10 13 1 6 10 13 -1007 10 13 1 6 10 13 -1004 6 10 13 1 10 13 1 6 -10003 13 1 6 10 13 13
23 29 39 1
6 -10003 13 1 4 -10004 13 1 6 -10003 13 1 4 6 10 13 2
13 36 1 10 -13001 13041
-13001 23 29 39 13 23 29 39 1
4 6 -10003 13 1 6 -10003 13 1 -6004 10 13 1 -10003 13 1 -6004 10 13 1 -10003 13 1 6 10 13 2
13 36 1 10 -13001 1 4 -6004 10 13 1 -10003 13 1 -6004 10 13 1 -10003 13 1 -6004 10 13 1 10 13 1 6 -10003 13 1 6 10 13 2
13 36 1 10 -13001 13045
13 45 13 17013
45 13 13 17
13 17013 40 13 17 13 17013 17 5 -13005 40 26 28 12 13 40 -13001 43013
-13001 43 13 26
28 12 -13002 40 12
40 13 40 13 25
13 25 13 32 -13001 13040
13 -41001 13 41 13 30
-48006 15 13 48 13 30 48 13 35
-13002 35 13 36 4 10 13 38 -42003 10 13 42 4 10 13 35 42 4 10 13 38 42 13
40 13 40 41
13 41 13 41013 -41002 13 41013 -13001 36
1 4 6 -10003 13 1 4 -6004 10 13 1 -10004 13 1 6 -10003 13 1 6 10 13 13
13 13 36
13 4 10 13 4
10 13 4 10 13 10
13 4 10 13 10
13 15 13 48 13 48013 -48002 13 30 48 15 4
10 13 38 42 4 10 13 35 -42003 10 13 42 4 10 13 -38006 42 4 10 13 35 -42004 4 10 13 42 10 13 42 4 10 13 42 13 40
5 13 40 26 28 13 13
13 41 13 41013 41 13 41 1
-6004 10 13 1 -10007 13 1 6 10 13 1 -6004 10 13 1 -10007 13 1 6 10 13 1 10 13 4
10 13 13
36 10 13 13 48
13 30 48 13 39
15 13 48 13 30 48 15 13 36
10 13 42 -13002 35 12
-13002 40 5 13 40 26 28 12 13 40 26 28 13 41
-13005 41013 41 13 41 13041 -1003 10 13 1 6 10 13 1 4 6 10 13 2
13 36 1 10 -13001 27013 -13001 27013 48
13 48 13 48013 48 13 48 13 35
13 35 12 13 40 26 28 12 -13002 40 5 13 40 13
41
-13005 41013 41 13 41 13 27
13 36 1 4 6 -10003 13 1 4 6 -10003 13 1 6 10 13 1 4 6 10 13 2
13 36 1 10 -13001 48013
-48002 13 48013 35
13 35 13 36 4 10 13 35 38 -42004 10 13 35 42 4 10 13 35 -42003 10 13 42 4 10 13 42 13 36 26
28 12 13 40 5
13 40 26 28 12 13 40 5
13 40 26 28 13 41
13 41013 -41001 13 41 13 41013 36
1 4 6 -10003 13 1 4 6 10 13 2
1 10 13 2
13 36 1 10 -13001 27013 48
13 48013 48 13 48 10
13 42 -13002 35 13 36 4 10 13 38 -42003 10 13 42 4 10 13 42 13 36 10 13 42 12
-13002 40 46
5 13 40 26 28 13 40 46 13
41 13 41013 -41002 13 41013 41 13 36
1 4 6 -10003 13 1 -6004 10 13 1 4 -6011 10 13 1 10 13 1 6 10 13 1 6 10 13 13
48 13 48013 48 13 48 13 35
13 35 13 36 4 10 13 38 -42003 10 13 42 4 10 13 42 13 36 10 13 42 5
13 40 26 28 12 -13002 40 5 13 40 26 28 13 40 46 5 13 40 13
13 41013 -41002 13 41013 41 1
-10007 13 1 6 10 13 1 -6004 10 13 1 10 13 1 4 10 13 1 6 -10003 13 1 4 6 10 13 2
13 36 1 10 -13001 27013 -13001 39
-45001 13 45 -13001 35
-13002 35 4
10 13 38 42 26
28 12 -13002 40 5 13 40 26 28 13 40 46 5 13 40 26 28 13 41
13 41013 -41002 13 41013 41 13 27
-13001 36 1 4 6 -10003 13 1 -4005 6 10 13 1 -6005 10 13 1 4 6 10 13 13045
48 45 13 45 4
10 13 38 42 4 10 13 35 -42004 4 10 13 42 13 36 10 13 42 -13002 35 12
-13002 40 5 13 40 26 28 -13002 40 -13001 13041
13 41 13 41013 41 13 41 13041 -1003 10 13 1 -6005 10 13 1 4 -10005 13 1 4 6 -10003 13 1 4 -6004 10 13 1 4 6 10 13 13
39 13 24 45 13 35
13 35 13 36 4 10 13 38 -42003 10 13 42 4 10 13 35 42 -13002 40 5 13 40 26 28 12 13 40 13 41
2 13 36 1 10 -13001 36
1 4 6 -10003 13 1 -4005 6 10 13 1 4 10 13 13
45 13 20 4 10 13 38 42 10 13 -42005 4 10 13 38 42 4 10 13 35 -42003 10 13 -42005 4 10 13 38 42 4 10 13 35 42 26
28 12 13 40 26 28 12 13 40 13 40 12
13 40 1 4 6 -10003 13 1 4 -6004 10 13 1 4 6 10 13 2
13 36 1 10 13 13 40
28 13 40 13 40 4
10 13 42 4 10 13 38 42 10 13 35 42 4 -10003 13 42 4 10 13 42 13 36 10 13 42 13 35 13 35 4
10 13 38 42 10 13 42 4 10 13 35 42 13 48 13 30 48 15 13 48 13 40
-10003 13 42 45
13 40 13 40 46
5 13 40 26 28 10
-13003 42 10 13 42 4 -10003 13 42 4 10 13 42 13 36 45
10 13 42 13 35 4
-10005 13 38 42 4 10 13 35 42 4 10 13 38 42 10 13 35 42 4 10 13 42 13 36 10 13 42 13 35 13 17
13 22
13 36 4 10 13 38 -42003 10 13 42 4 10 13 35 42 4 10 13 38 42 13
32 -13001 9
13 17 9 13 17 4
10 13 38 42 4 10 13 35 42 4 10 13 38 -42007 10 13 42 4 10 13 42 13 36 10 13 42 -13002 35 13 24
45 9
13 17 9 13 17 13 25 13 32 13 13 36
4 10 13 38 42 10 13 42 4 10 13 42 13 36 10 13 42 -13002 35 13 36 45
13 34 45 -13001 4
10 13 38 -42003 10 13 42 4 10 13 35 -42005 4 10 13 38 42 4 10 13 35 42 4 10 13 38 -42007 10 13 42 4 10 13 42 13 36 10 13 42 -13002 35 13 30
-48005 13 48013 48 13 25
13 22 13 32013 -25007 13 17 22 13 32 13 25 13 32 -13001 25
13 32 -13001 25
-13017 17 22 13 32 13 25 13 22 13 32013 25 13 22 13 32013 25 -13005 22 13 32013 25 13 22 13 32013 -13001 25
13 17 22 13 32 13 17013
17 13 17 22 13 32 13 13017 -13001 17 13 17 22 13 32 -13001 13017
-13007 22 13 32013 13 13 13017 13 22 13 32013 13 13 9
-13003 17 9 13 17 21
31 -9003 13 17 13 17013 -31001 21 31 -13001 13017
-13001 13045
21 31 -13001 17013
-13001 17 -21004 31 31 21031 -13001 48 13 20013
23 29 39 13 13041 -13004 23 29 39 -13001 13045
45 13 34 45 45
45 -13001 13040
-45001 13 34 45 13 20013 -20002 13 -23004 29 39 13 13041 13 23 29 39 13 20 13 13041 13 41 13 41013 45 -13001 13045
13 45 13 45013 13 13 36
1 4 6 -10003 13 1 6 10 13 1 4 -6004 10 13 1 -10007 13 1 6 10 13 1 6 -10003 13 1 6 10 13 13
49 13 36 4 7 -10003 11 13 7 10 11 13 49 10 11 13 7 10 11 13 49 4 7 10 11 13 49 -7004 10 11 13 -10003 11 13 13
13 13 1
-10004 13 1 6 -10003 13 1 6 -10003 13 1 -6004 10 13 1 -10003 13 1 6 10 13 10
-11003 13 10 11 13 7 -10003 11 13 1
-10003 13 1 4 10 13 1 6 -10003 13 1 4 6 10 13 2
13 36 1 10 -13001 27013 -13001 43013 13 43 13 13 10
-11003 13 10 11 13 7 10 11 13 4 -7004 10 11 13 -49005 7 10 11 13 49 4 7 10 11 13 13
-13001 27 13 49
13 49013 49 13 36 4 7 -10003 11 13 7 10 11 13 4 7 10 11 13 49 -10003 11 13 7 10 11 13 13
48 13 13
-10004 11 13 7 -10003 11 13 7 -10003 11 13 -7004 10 11 13 10 11 13 7 -10003 11 13 -7004 10 11 13 -10003 11 13 7 -10003 11 13 4 -7004 10 11 13 -49006 4 7 10 11 13 4 7 10 11 13 49 -10003 11 13 -7005 10 11 13 4 7 10 11 13 49 7 10 11 13 4 7 10 11 13 49 -10003 11 13 -4005 7 10 11 13 49 -7004 10 11 13 -4005 7 10 11 13 13
20 -13001 24
45 13 20 13 24
-45001 13 34 45 13 23
29 39 13 23 29 39 13 13041 13 23 29 39 13 20 -13001 13020
-13001 45 13045 13 45 -13001 43013
45 13 24 -45001 13 34 45 13 24 45 13 45 45013 45 13 34 45 13 24 45 13 34 45 13 20013 24 45 13 34 45 -13001 21031
31 21 31 13 23
29 39 31
13 41 -13001 23 29 39 21031
13 23 29 39 31021
31 21 -31001 21031 13 30 48 21
31 13 48013 48 13 41
13 41013 -41002 13 41013 41 13 40
46 5 13 40 26 28 13 40 46 5 13 40 26 28 13 48 13 48013 30 48 15 41
-13005 41 13 41013 41 13 25
46 5 13 40 26 28 13 48 13 48013 30 48 15 13 48 13 41
13 41013 40 46 5 13 40 26 28 13 40 46 5 13 40 26 28 12 13 40 13 48
5 13 40 26 28 12 13 40 13 40 46
5 13 40 26 28 13 30
48 15 13 48 13 48013 30 48 15 13 48 13 13040
5 13 40 26 28 -12003 13 40 13 40 13 40 12
13 30 48 15 13 48 13 48013 30 48 15 13 48 13 40
26 28 13 40 46 5 13 40 26 28 12 13 40 13 48
5 13 40 26 28 13 48 13 30 48 15 13 48 13 48013 30 48 15 13 48 13 40
46 5 13 40 26 28 12 -13002 40 5 13 40 26 28 13 48 13 30 48 15 13 48 13 48013 30 48 15 13 48 12
5 13 40 26 28 13 40 46 5 13 40 26 28 13 48 13 48013 48 13 48 12
-13002 40 5 13 40 26 28 12 13 40 13 40 46
5 13 40 26 28 13 40 46 5 13 40 26 28 12 -13002 40 5 13 40 26 28 -12003 13 40 13 40 13 40 12
13 40 12 -13002 40 5 13 40 26 28 12 13 40 13 25
28 13 40 5 13 40 26 28 -12003 13 40 13 40 13 40 12
15 13 48 13 48
12
28 13 -25005 13 22 13 32013 -25007 13 17 22 13 32 13 25 13 22 13 32013 25 13 22 13 32013 13017
17 22 13 32 13 13017 -13001 9
-13003 17 9 13 17 13 25 13 22 13 32013 -13001 25
13 32013 25 13 22 13 32013 25 13 17 22 13 45
13 45013 32
13 -25005 13 22 13 32013 25 13 32 -13001 13043
13 43 -13001 25
13 22 13 32013 25 13 20
-13001 25
13 22 13 32013 25 13 32 -13001 13017
-13007 22 13 32013 13 13 13017 13 17 22 13 32 13 13017 -13001 17 13 17 22 13 32 -13001 9
-13003 17 9 13 17 -13001 13040
46 26 28 13 25 13 32 13 17013
-13001 13017
13 24 45 13 13
13 17013
34 45 -13001 1
13 45 13 49
13 36 1 10 -13001 45 7
-1009 4 6 10 13 1 6 10 13 -1003 10 13 -1004 6 10 13 45
-6004 10 13 1 -10003 13 1 6 10 13 1 10 13 45
4 7 -10003 11 13 7 10 11 13 4 7 10 11 13 49 -7007 10 11 13 10 11 13 -7004 10 11 13 10 11 13 7 -10003 11 13 7 10 11 13 1
13 36 1 10 -13001 27013 24
45 -7004 10 11 13 -10007 11 13 7 10 11 13 -7004 10 11 13 -10007 11 13 7 10 11 13 7 10 11 13 45
45 10 11 13 7 10 11 13 4 -7004 10 11 13 49 -4005 7 10 11 13 49 -10003 11 13 -7005 10 11 13 4 -7004 10 11 13 4 7 10 11 13 49 -10003 11 13 -4005 7 10 11 13 49 -7004 10 11 13 -4005 7 10 11 13 13
20 13 20 13 17
