1.1045612,0.5517290000000001,-1.0341931,-0.5388943,0.3279193,0.11894210000000001,1.4413087,-1.0020049,-0.5630651,0.09212370000000003
-1.3229149999999998,-0.1217311818181818,-0.7926290909090908,-0.40685790909090913,0.013959181818181817,-0.24932700000000008,3.7997207272727267,-0.7540406363636364,-0.7995930000000001,-0.8596704545454545
-1.3303220909090905,-0.11645854545454543,-0.7999405454545454,-0.40541472727272726,0.03030136363636365,-0.21476427272727275,3.806996272727272,-0.8081572727272728,-0.8707468181818182,-0.8354937272727273
-1.2893258181818181,-0.379505,-0.8954108181818181,-0.5665849090909091,-0.336794,-0.252089,3.6970396363636358,-0.8169288181818182,-0.7595381818181817,-0.5505136363636365
-1.2448134545454543,-0.4107379090909091,-0.7803984545454546,-0.5001740909090909,-0.3025287272727273,-0.1986020909090909,3.820061636363636,-0.8499052727272727,-0.8234228181818182,-0.5457581818181818
-1.2669698181818179,-0.40660527272727265,-0.7521127272727274,-0.4989710909090909,-0.3310902727272727,-0.22709718181818192,3.7925732727272727,-0.789959909090909,-0.7535021818181817,-0.6336150909090909
-1.3449892727272725,-0.5225628181818182,-0.797835,-0.5016215454545455,-0.4948486363636363,-0.3700159090909091,3.8094018181818186,-0.7509827272727272,-0.6459607272727271,-0.8542136363636363
0.11736991666666663,0.005124833333333356,-1.2011533333333333,-0.7665935,-0.11444475000000004,0.13917175000000004,1.1771081666666667,0.7577894166666667,0.24230525000000003,-0.2835475
0.14161775,0.04159208333333327,-1.1764698333333334,-0.7690346666666666,-0.08511666666666669,0.09997450000000001,1.2089628333333333,0.7924237499999999,0.23596783333333335,-0.30750791666666666
-0.5954815555555556,-0.9265310000000001,-0.7352394444444444,0.0794802222222222,-0.6002666666666667,1.1960712222222223,1.8765381111111108,-0.5974444444444444,-1.889632,0.8667793333333333
-0.5293868888888889,-1.002563111111111,-0.6945675555555555,0.13510677777777777,-0.6293603333333333,1.1707496666666668,1.8162345555555552,-0.5999818888888888,-1.8438454444444443,0.8912947777777779
0.23896741666666668,-0.1608603333333333,-0.9736458333333334,-0.5622054166666667,-0.23569174999999995,0.41889325,1.3835294166666667,0.8880265833333333,0.12259958333333333,-0.24239325000000003
0.10500091666666655,-0.15329600000000002,-1.2351901666666667,-0.8258871666666666,-0.2767437499999999,0.17158725,1.2802300000000002,1.1239168333333331,0.27567858333333334,-0.2337825
-1.7187123636363635,-0.2858433636363636,-1.1894220909090907,-0.7633762727272727,-0.24721,-0.2743878181818182,3.8666158181818178,-0.20090663636363634,-1.0694655454545456,-0.6616271818181818
-1.463963818181818,-0.45035063636363637,-0.8308631818181819,-0.38788000000000006,-0.3145896363636363,-0.017083727272727334,3.891640727272727,-0.7740840000000001,-0.8426070909090907,-0.8616087272727273
-0.44032000000000004,-1.0345288888888888,-0.8538774444444444,0.06531855555555555,-0.6578855555555555,1.3528042222222223,1.6015112222222223,-0.5480114444444445,-1.7948895555555555,1.0394442222222222
0.3019294166666667,-0.005705249999999995,-1.1435695000000001,-0.6566430833333334,-0.2041360833333333,0.28243375,1.0895945000000002,0.6950483333333333,0.22741008333333337,-0.26181441666666666
0.22751358333333324,-0.2680924166666667,-0.9826555833333335,-0.56472825,-0.3744702499999999,0.5413202500000001,1.3486306666666668,0.9229251666666668,0.17058025000000002,-0.26569575
0.44294966666666663,-0.20691308333333336,-0.8354428333333334,-0.3361695,-0.3049766666666666,0.4677438333333334,1.3416890833333335,0.7196440833333334,0.21923341666666665,-0.24172608333333334
-0.5171094374999999,-1.3700518749999997,-0.6605035625,1.3490625000000003,-0.9107776874999999,2.4841526875000004,2.48174975,-1.78962525,-3.1681900625,1.8595370624999996
0.513803,-0.44748523076923075,-0.3932562307692307,-0.11543553846153848,-0.27607638461538464,-0.18993238461538464,1.4488390769230768,0.023775230769230767,0.3691276923076923,-0.15151799999999996
-0.4873182499999999,-1.4212453749999998,-0.6258567500000001,1.2407969375,-0.937997125,2.369538625,2.3757218750000004,-1.5656094375,-2.8853096250000005,1.7578848749999998
0.45209375,-0.2011082499999999,-0.6718245,-0.239498,-0.1142421666666667,0.37560766666666673,1.46112525,0.5392156666666666,0.13580316666666667,-0.1588438333333333
0.39445525000000004,-0.20801349999999993,-0.7366462500000001,-0.31099933333333335,-0.1234526666666667,0.44739675000000007,1.4565723333333336,0.5175908333333332,0.09490049999999998,-0.08598899999999998
-0.585746875,-1.4776446875,-0.6231816874999999,1.2616746875000002,-0.946332625,2.4522069375,2.4177650625,-1.6106705,-3.0387610625000003,1.7850988124999998
-0.600052625,-1.4873255,-0.6054683749999998,1.2633693125,-0.944170625,2.4619426250000007,2.4569836250000003,-1.68334275,-3.1335406875,1.807873125
-0.5958588125000001,-1.437594625,-0.6388391874999999,1.2433409375000002,-0.9401455,2.4355313125,2.4321138125000004,-1.6338369375,-3.035222,1.7720613125
-0.5402326875000001,-1.4268357499999997,-0.6063395625000001,1.3179783125000002,-0.9470277499999998,2.3695044999999997,2.4273945,-1.5999263125,-2.9339659375000005,1.7327783124999998
0.9182335,-0.1439848,-0.828047,-0.44487119999999997,-0.21057230000000002,0.45108879999999996,1.9004096999999998,-0.481577,-0.5540326999999999,0.5158409
0.3476648461538462,-0.25200784615384614,-0.5293001538461538,-0.1828054615384615,-0.10913792307692308,0.030985615384615393,1.643534769230769,0.14647515384615392,0.07821053846153846,0.056581461538461546
0.43594275,-0.26306141666666666,-0.6469900833333333,-0.2071896666666667,-0.1545014166666667,0.40609049999999997,1.5126833333333334,0.5280431666666665,0.25371266666666664,-0.21948491666666667
0.3732423333333333,-0.31659525000000005,-0.6711870833333333,-0.18745925,-0.25965716666666655,0.41523625000000003,1.5010060833333332,0.4596820833333333,0.22600725,-0.26973825
0.33763974999999996,-0.3500111666666667,-0.665814,-0.16107858333333336,-0.28878466666666663,0.4464708333333333,1.5169620000000001,0.47849841666666676,0.16181299999999998,-0.24340475000000003
0.4129401666666667,-0.34786983333333327,-0.6437350000000001,-0.15960316666666668,-0.2725484166666667,0.4804472500000001,1.5151885,0.46275975,0.20532475000000003,-0.25750575000000003
0.35765308333333334,-0.30220275,-0.6664406666666667,-0.17679725000000002,-0.2733429166666666,0.43314916666666664,1.5030801666666667,0.4019865833333333,0.23999616666666668,-0.32678175000000004
0.16948230769230768,-0.2801394615384615,-0.7017078461538463,-0.32138361538461535,-0.2686321538461539,0.0018169999999999918,1.5962056923076924,0.4791208461538462,-0.027242384615384623,-0.0003335384615384364
0.786359,-0.10999249999999998,-1.0229732999999999,-0.40332559999999995,-0.3838894999999999,0.4287609,1.8977616999999998,-0.48215899999999995,-0.47529509999999997,0.41267259999999995
0.20545276923076933,-0.2065487692307692,-0.6645346923076924,-0.184858,-0.21460323076923077,-0.02518430769230766,1.642874076923077,0.1497506923076924,0.12409623076923076,-0.04301561538461536
0.3371665,-0.41751475000000005,-0.6187934166666668,-0.19429950000000007,-0.37316866666666654,0.4647198333333334,1.5136684166666665,0.4395175,0.25798341666666663,-0.38389625
0.31289949999999994,-0.42300641666666655,-0.6524244166666666,-0.240663,-0.43266608333333334,0.46837175000000003,1.5101644166666668,0.5005580833333333,0.22463633333333333,-0.4199643333333334
0.7680070000000001,-0.18396699999999994,-1.0973153,-0.6636647999999999,-0.3967415000000001,0.2421875,1.7390809,-0.09061709999999987,-0.5038940999999999,0.4461557
0.7852386000000001,-0.1931568999999999,-1.1145301,-0.6693410999999999,-0.4460007000000001,0.3108218,1.7724741000000002,-0.028595599999999877,-0.5324437,0.4511293
-0.6754294375000002,-1.5336055624999998,-0.596305125,1.4545525625000002,-1.0173237499999999,2.4718623125000003,2.5958750625,-1.8619701874999999,-3.2061938750000003,1.8399256874999996
-0.6945758125,-1.5616030625,-0.6468614999999999,1.314810125,-1.0477501249999999,2.5189040625,2.5372294374999997,-1.7760269999999998,-3.2325798125,1.822128
-0.6634832500000001,-1.5504984375,-0.6510660625000001,1.3237679375,-1.0690911875,2.548279125,2.5073005624999998,-1.7850175625,-3.2282650625,1.8461245625000002
-0.4215756666666667,-1.1621861111111111,-0.6401905555555555,0.43044644444444446,-0.8382395555555555,1.2661163333333332,1.9368226666666664,-0.9185303333333334,-1.7303634444444445,0.9190159999999999
0.21680376923076924,-0.26679723076923073,-0.7884731538461539,-0.3696610769230769,-0.3267043076923078,-0.02709015384615384,1.5199899230769232,0.40166815384615373,0.17858753846153846,-0.1176342307692307
0.25688353846153855,-0.2647861538461538,-0.7748340769230769,-0.3362591538461538,-0.3222579230769232,-0.007299307692307697,1.584059230769231,0.44356084615384594,0.22606576923076924,-0.11723299999999993
0.7452449999999999,-0.23390030000000003,-1.0335100000000002,-0.48197170000000006,-0.49453439999999993,0.4527479,1.9073025000000001,-0.0630603999999999,-0.5382994999999999,0.3601975
0.7591274,-0.2562697,-1.0341004999999999,-0.4874033000000001,-0.5057788999999999,0.47462309999999996,1.8934415000000002,-0.08267749999999992,-0.5189036,0.371427
0.7013947999999999,-0.3271784000000001,-1.099107,-0.5745505,-0.6353053000000001,0.5364631,1.8084862000000002,-0.09452619999999987,-0.5807086,0.3546455
0.17554276923076914,-0.34194392307692306,-0.7478947692307693,-0.32228623076923074,-0.4038183076923078,0.05509992307692309,1.5556191538461541,0.4732256153846155,0.08782638461538461,-0.11883607692307688
0.222497,-0.3417023076923076,-0.4851984615384616,-0.12697138461538457,-0.25154515384615395,0.08330492307692308,1.7005900769230768,0.08372461538461547,0.06208407692307695,-0.10593746153846152
0.8581071000000001,-0.18961279999999997,-0.8462094999999998,-0.3462548,-0.3472234,0.49404699999999996,1.94387,-0.6395263,-0.5127762,0.3727412
0.30528007692307707,-0.26656792307692306,-0.5424863846153846,-0.1369676923076923,-0.19011238461538463,0.03799661538461539,1.6642756153846154,0.017806769230769275,0.10793884615384616,-0.0798944615384615
0.19856053846153857,-0.331499,-0.5784383076923078,-0.24026476923076917,-0.3069323846153846,0.06961146153846152,1.6350505384615384,0.21834484615384625,0.049941307692307695,-0.11415146153846151
0.785823,-0.3115352,-0.942145,-0.4635041999999999,-0.5681710000000001,0.5958112999999999,1.8478946,-0.40318050000000005,-0.5902822000000001,0.360524
0.6448611,-0.4092235000000001,-1.1167519,-0.6614205,-0.6727794000000001,0.5293182,1.7753085,-0.030576699999999856,-0.5960566999999999,0.36410050000000005
-0.7201739375,-1.5693753124999998,-0.6488157500000001,1.2686667500000002,-1.1059776249999997,2.44030625,2.477129625,-1.68619825,-3.1084831250000002,1.7086401875
0.1805312307692308,-0.36060576923076915,-0.7273941538461538,-0.214716,-0.3961006153846155,0.01258146153846154,1.5767039230769233,0.4508293846153845,0.10897961538461536,-0.05367907692307688
-0.5197526249999999,-1.5183075,-0.597203,1.3663818125000005,-1.0352961250000001,2.3928002499999996,2.4259750625,-1.7073489375,-2.8711809375000006,1.7223413125
0.3751127692307693,-0.36070346153846145,-0.4759368461538462,-0.05832253846153845,-0.26785053846153856,0.08765653846153845,1.6527886153846154,0.06096376923076917,0.19962946153846153,-0.04455007692307692
0.54160975,-0.6374783333333333,-0.506274,-0.14541783333333336,-0.5533944166666666,0.2071610833333333,1.3266718333333336,0.24797166666666667,0.5728105,-0.5146476666666665
0.5522291666666667,-0.6229282499999999,-0.5734345833333333,-0.09770699999999995,-0.5762968333333333,0.22234750000000003,1.3687220833333338,0.30071516666666664,0.5965441666666667,-0.40661149999999996
0.4980505833333333,-0.6423249999999997,-0.552704,-0.11027566666666662,-0.5350256666666667,0.24069441666666666,1.371084,0.2906291666666667,0.5822480833333333,-0.44090316666666657
0.5214581666666667,-0.6970787500000001,-0.5445609166666667,-0.08171708333333334,-0.6543685833333334,0.34366674999999997,1.3547155833333333,0.2725114166666666,0.5490674999999999,-0.4588216666666666
0.5262343333333334,-0.7287290000000001,-0.5526540000000001,-0.05782308333333334,-0.6743903333333335,0.34309275,1.4056505000000001,0.316023,0.53145175,-0.37971599999999994
1.0702306,-0.7347862000000001,-0.6656398,-0.22282580000000002,-0.792525,0.4682067,1.7238649,-0.7235771999999999,-0.1460873,0.2326166
0.4511201538461539,-0.6900233076923079,-0.39699923076923077,-0.030247923076923103,-0.524146,0.03582223076923075,1.4972222307692307,-0.026458615384615376,0.3784560769230769,-0.1664816923076923
0.4640443333333333,-0.4514089999999999,-0.6073909166666667,-0.08784758333333335,-0.4484960833333333,0.39711450000000004,1.5017995,0.4240729999999999,0.46693925,-0.4387418333333333
0.3883348461538461,-0.39852776923076916,-0.39198761538461535,-0.07222407692307692,-0.2661951538461539,0.10019292307692308,1.6223421538461538,0.011185692307692353,0.24089976923076922,-0.16461830769230767
1.0183667,-0.3952493,-0.6807000000000001,-0.20604080000000002,-0.5196863,0.6146043000000001,1.9508946000000003,-0.6285997999999999,-0.281956,0.2475523
-0.22493755555555556,-1.2035957777777777,-0.4384105555555555,0.5167254444444445,-0.8415936666666668,1.1024906666666667,1.8434963333333332,-0.8363583333333333,-1.2974475555555556,0.8184004444444445
0.6293493333333333,-0.6423747499999998,-0.47095025,-0.08980366666666666,-0.5841057500000001,0.3793707500000001,1.3303645000000002,0.3032996666666667,0.6211050833333334,-0.5217913333333332
0.6053736666666667,-0.6304172499999998,-0.5373144166666667,-0.09215075000000002,-0.6207883333333334,0.3688505,1.3002273333333336,0.33223683333333326,0.6540669166666667,-0.5536483333333333
0.6021143333333334,-0.6018497499999999,-0.5358876666666667,-0.12107866666666671,-0.5883338333333333,0.3432111666666666,1.32032875,0.30021008333333327,0.60387875,-0.5354580833333332
0.32681684615384615,-0.41250823076923065,-0.5253532307692308,-0.17165992307692307,-0.34455323076923083,0.1249752307692308,1.6558736153846154,0.26810915384615397,0.18182323076923076,-0.10623169230769222
0.8860414000000001,-0.33549779999999996,-0.7793392,-0.33889020000000003,-0.49323000000000006,0.5426084,1.9120406000000003,-0.5228374,-0.4703766000000001,0.3384358
0.9154889,-0.34769799999999995,-0.7874335,-0.32117850000000003,-0.5114755000000001,0.5441736,1.923272,-0.5124563,-0.46987880000000004,0.37032160000000003
0.2274038461538462,-0.42364484615384607,-0.5981583076923077,-0.19667115384615386,-0.37405384615384624,-0.04820792307692308,1.6894751538461537,0.3800930769230769,0.13854346153846153,-0.029226076923076907
0.8178734999999999,-0.3896984,-0.8697157000000001,-0.3128174,-0.5759105,0.5684786000000001,2.0094184999999998,-0.36241689999999993,-0.42269700000000004,0.36995290000000003
0.2704239230769231,-0.4137617692307692,-0.5578449230769231,-0.10774646153846155,-0.36350192307692303,0.09293776923076925,1.7274282307692308,0.2365995384615386,0.18495030769230766,-0.08071976923076916
-0.33127677777777786,-1.2467623333333333,-0.42687855555555554,0.5734262222222222,-0.8770904444444444,1.0903574444444444,1.9326401111111113,-0.9409708888888889,-1.3357783333333333,0.736581
-0.3111113333333334,-1.2464233333333334,-0.4142715555555555,0.6101903333333333,-0.8269994444444444,1.0699225555555556,1.9184232222222224,-0.9221236666666665,-1.2941648888888888,0.7461464444444444
-0.5978560625000001,-1.6020694375,-0.5639124375,1.458708125,-1.0917994999999998,2.4740437500000003,2.590896125,-1.8320535625,-3.0403444375,1.784700375
-0.6385403749999999,-1.6443075624999997,-0.570516,1.4569245625,-1.0992476249999998,2.4776834375,2.5591888750000003,-1.831182125,-3.050184125,1.805121375
-0.5344726875000001,-1.5422071874999999,-0.57022675,1.2693033125000002,-1.0510756875,2.3712121249999996,2.3955553750000003,-1.6599320625,-2.8113561875000004,1.646615125
-0.5327415000000001,-1.5806278749999998,-0.59636075,1.2512341875000002,-1.0722661875,2.4144544375000003,2.3931934375000004,-1.6801141874999999,-2.8298438125000005,1.68064825
-0.539100875,-1.5304431874999997,-0.570267125,1.3023005,-1.0494391875,2.3830869999999997,2.4163701875,-1.6687085625,-2.8439146250000005,1.6462099999999997
1.0167704,-0.47207530000000003,-0.6938877000000001,-0.15120810000000004,-0.5881255000000001,0.5430587000000001,1.9028813,-0.6690330999999999,-0.1984121,0.214428
0.3631382307692307,-0.4599035384615384,-0.41866292307692304,0.03945476923076923,-0.35763676923076926,0.09044792307692306,1.621560923076923,-0.01361623076923072,0.30488276923076923,-0.20033015384615382
0.39773392307692307,-0.47414899999999993,-0.434217,0.005217692307692295,-0.38300661538461545,0.06540684615384615,1.6354883846153845,-0.006550846153846106,0.3426992307692308,-0.19936984615384612
0.5081758333333334,-0.6693491666666666,-0.47383749999999997,-0.00817624999999996,-0.5222245833333333,0.16519983333333335,1.4356892500000002,0.19221091666666676,0.6234085833333334,-0.46137941666666665
0.3715751538461538,-0.6644260000000002,-0.43218330769230767,-0.09639607692307696,-0.5318433076923077,0.002086692307692334,1.566038923076923,0.043464076923076966,0.39100423076923074,-0.20778153846153843
0.945814,-0.7440015000000001,-0.6690413000000001,-0.3015485,-0.7798751000000002,0.42453240000000003,1.8532249000000003,-0.6590256999999999,-0.09173919999999999,0.15292250000000002
0.36332738461538455,-0.4956534615384615,-0.45663530769230765,-0.012718692307692344,-0.39823800000000015,0.09318484615384613,1.609526923076923,0.02035099999999999,0.3315314615384616,-0.17654399999999998
0.4176002307692308,-0.5859254615384616,-0.3238086153846153,0.06244176923076926,-0.400467076923077,0.08690384615384615,1.6619955384615384,-0.07982169230769233,0.4202007692307692,-0.3143813846153847
0.4200727692307692,-0.753513153846154,-0.28916269230769226,-0.0018506923076922947,-0.5253218461538463,0.04735515384615389,1.5507153076923077,-0.11273307692307698,0.4337925384615385,-0.2909586153846155
0.42322992307692303,-0.6227410000000001,-0.33242669230769234,0.08711353846153846,-0.4972639230769231,0.034214153846153866,1.6535129230769232,0.008939846153846149,0.472107,-0.24449961538461545
0.9695779000000002,-0.5386643,-0.6646422000000001,-0.32961270000000004,-0.5784412999999999,0.44717529999999994,1.8007697,-0.6514272999999999,-0.2497032,0.2382874
0.363215,-0.5332790769230769,-0.4021837692307692,-0.12955500000000003,-0.376836923076923,0.03513769230769231,1.5618245384615386,0.017483076923076987,0.29045276923076924,-0.17942146153846153
1.0226597000000002,-0.5388652,-0.6459990999999999,-0.3219747,-0.567638,0.4351302,1.8406131000000001,-0.6389894,-0.23948109999999997,0.3002865
0.9746082000000001,-0.5435539,-0.6650124999999999,-0.33492120000000003,-0.5467831999999999,0.40187819999999996,1.8230194000000002,-0.633991,-0.24927660000000001,0.28548850000000003
0.3515151538461537,-0.5824947692307694,-0.3630697692307692,-0.04623530769230771,-0.4235409230769231,0.0620213076923077,1.608570615384615,-0.026527461538461486,0.27879646153846155,-0.16060523076923075
0.9801062,-0.5975484000000002,-0.5579734000000001,-0.27318640000000005,-0.5832252,0.5111359,1.8101264000000001,-0.7196788,-0.2953589,0.2223466
0.5505636666666667,-0.7987696666666665,-0.47851508333333337,-0.13475016666666662,-0.6276545000000001,0.08533558333333331,1.2320124166666666,0.16471841666666664,0.65702775,-0.43618533333333337
0.5857921666666667,-0.7969586666666667,-0.4672990833333334,-0.0950163333333333,-0.6220115833333334,0.04333391666666667,1.2384316666666666,0.17713925000000005,0.6825365,-0.44794483333333335
-0.5732118125,-1.7002120625,-0.5380516249999999,1.3886165625000002,-1.1773068124999997,2.5166206874999997,2.5226204375,-1.848835125,-3.1203999375,1.7956325625
-0.5714448750000001,-1.7248431249999998,-0.5402676249999999,1.4146615000000002,-1.1792986249999997,2.5217879999999995,2.504042,-1.8405306250000002,-3.0750014375,1.8038926249999996
1.0365766,-0.5013332000000001,-0.6833606,-0.23110540000000004,-0.48189980000000004,0.44299330000000003,1.8541906999999997,-0.6276046,-0.2961824,0.47768750000000004
0.37685630769230766,-0.500345923076923,-0.3943169230769231,-0.018203615384615388,-0.30309269230769237,0.02117115384615385,1.632081846153846,0.03906161538461543,0.24771800000000002,-0.003825461538461519
1.0347519,-0.5178896999999999,-0.6511763,-0.22711569999999998,-0.4811726,0.5026949000000001,1.8001366,-0.6529176999999999,-0.2787064,0.39920710000000004
0.41015738461538465,-0.4997117692307691,-0.3848032307692308,-0.05158384615384614,-0.2849163846153846,0.01795923076923076,1.5529566923076923,0.037804384615384615,0.2951403846153846,-0.09102338461538459
1.0268484,-0.7691471,-0.5842093,-0.2994707,-0.7723436000000001,0.3574695,1.7171746000000003,-0.6903010999999999,-0.05340349999999998,0.12768710000000003
-0.5919603125,-1.7649332499999997,-0.5093765625,1.3955368750000001,-1.17609025,2.4535378749999994,2.4548319375000003,-1.8482530625000002,-3.02429825,1.7578950625
-0.6065071875,-1.7732263124999996,-0.5175240624999999,1.3807787500000004,-1.1898596874999998,2.4841608125,2.4566679375000002,-1.8630206875,-3.0785109375000004,1.777408125
-0.5905839375,-1.7668186249999998,-0.49525243750000003,1.4224882500000002,-1.1869768749999998,2.4859659375000005,2.4943414375,-1.871657625,-3.0789921250000005,1.7585212499999996
-0.6032715625,-1.7593307499999997,-0.5284861875,1.4247378750000002,-1.199190375,2.4672888125,2.4909072500000002,-1.8596732500000002,-3.0683502500000004,1.7724075624999998
-0.634711625,-1.8211217499999999,-0.5746734375,1.3999841250000002,-1.2104433749999999,2.4701360625000004,2.4061239375000003,-1.8043514375,-3.0452371250000003,1.8341913124999998
0.42775530769230774,-0.6647694615384617,-0.4038967692307692,-0.05913007692307689,-0.4870329230769231,-0.060252692307692306,1.486906,0.05302376923076921,0.47076946153846155,-0.21050969230769237
-0.5394001875000001,-1.7165445,-0.556657,1.3824740625000003,-1.1264417499999997,2.3388743124999998,2.4261163125,-1.7474714375,-2.804742,1.7576286249999997
0.6124930833333334,-0.9862265833333334,-0.5940335,0.14089691666666662,-0.31221224999999997,-0.03847508333333335,0.78770725,0.40379175000000006,0.7662615833333333,0.011762083333333359
-0.541479625,-1.7716798125,-0.5686084999999999,1.3346201875,-1.2239406874999998,2.295288875,2.4013808125,-1.6838314374999999,-2.8854837500000006,1.7945338125
0.5522534166666666,-1.0940681666666667,-0.37992075,-0.2305454166666666,-0.6875051666666668,-0.13806241666666666,0.9606778333333335,0.09893041666666669,0.8891005000000001,-0.6036191666666666
0.5399218333333333,-1.1517675000000003,-0.3592605,-0.2136820833333333,-0.6867464166666668,-0.09188241666666667,0.9486416666666667,0.044907583333333334,0.8796575000000001,-0.59745025
0.6056384166666666,-1.1220355833333333,-0.3928853333333333,-0.2824029166666666,-0.6692058333333334,-0.16914033333333334,0.8775448333333334,0.10171216666666665,0.9362755000000001,-0.5716855
0.5630305,-1.1861357500000003,-0.43377516666666666,-0.2373135833333333,-0.7202265000000002,-0.17705291666666667,0.8711546666666669,0.12272616666666662,0.9414584166666667,-0.5358857499999999
0.5735314166666666,-1.1641640833333333,-0.42507008333333335,-0.2833346666666667,-0.6853588333333335,-0.21289741666666664,0.8152810833333336,0.09539908333333331,0.8949841666666667,-0.5230806666666666
0.5298394999999999,-1.1412548333333334,-0.3797938333333333,-0.23552166666666663,-0.6539633333333335,-0.22172483333333334,0.9139338333333334,0.08587558333333338,0.8864856666666666,-0.5347174999999998
-0.5347005625,-1.7290051874999997,-0.559601625,1.4354557500000003,-1.1460625624999996,2.4704634999999997,2.3885270625,-1.8108484375,-3.0263288750000004,1.8687599375
-0.549493,-1.8035583124999999,-0.5274848125,1.3725893750000002,-1.1856249999999997,2.356026875,2.3613405624999997,-1.7870893125,-2.9007449375000003,1.7839592499999999
1.2032601,-0.8512568,-0.6088579999999999,-0.2782590000000001,-0.7823222000000001,0.1548111,1.4609164,-0.6044151999999999,0.11967990000000003,0.24693940000000003
-0.5459229375,-1.7328728749999995,-0.5164178749999999,1.4476294375000003,-1.1053960624999997,2.4146336875000003,2.4455303125,-1.9033891250000001,-3.0467296875000005,1.8573111875000001
1.0342445,-0.9690825000000001,-0.5236928,-0.3319024,-0.82333,0.29015219999999997,1.5606554,-0.7565435,0.018266999999999988,0.10871709999999997
0.40367607692307694,-0.8746883076923079,-0.2898223076923077,-0.13001069230769233,-0.5829669230769231,-0.11747569230769228,1.3940759230769229,-0.03496023076923075,0.5063653846153846,-0.2852687692307694
0.4271833076923077,-0.8669704615384617,-0.29275223076923074,-0.10834107692307691,-0.568612,-0.10732123076923077,1.3918283846153845,-0.038565153846153846,0.5191705384615385,-0.2843418461538463
0.39786453846153846,-0.8931716153846155,-0.3228371538461538,-0.15635415384615386,-0.5976883846153846,-0.1964953076923077,1.3460384615384615,-0.0033951538461537848,0.520907,-0.23938100000000004
-0.17910033333333336,-1.541415,-0.4220344444444445,0.4536885555555556,-0.9194527777777779,0.9127966666666667,1.4426990000000002,-1.0283345555555554,-1.3787992222222223,1.0054550000000002
-0.546340625,-1.7624186249999998,-0.5349829375,1.3655173750000003,-1.1127756249999998,2.3721588125000004,2.3244375624999996,-1.8574804375,-3.0507536875000003,1.8686668124999999
-0.52666975,-1.7365457499999999,-0.554374375,1.3930118125000004,-1.1283428125,2.3664184375,2.3822717499999997,-1.867642875,-3.0461737500000003,1.8745807499999998
-0.506506375,-1.728745,-0.5228238749999999,1.3675025000000003,-1.1042844374999998,2.2743101250000004,2.37365875,-1.8344000624999999,-2.9910656875000003,1.8476249374999996
-0.5616205,-1.8380466249999998,-0.5473495625,1.3940663750000002,-1.1737218749999998,2.3602652500000003,2.3534255625,-1.8777960625,-3.0078440625000007,1.894336
1.0944894,-1.2058734999999998,-0.43620159999999997,-0.39844279999999993,-0.7880417,0.04564399999999998,1.3591338,-0.9682921999999999,0.0944798,0.23856839999999996
0.450238,-1.0512633846153845,-0.2363236923076923,-0.21756792307692308,-0.542695846153846,-0.2981916923076924,1.2006025384615386,-0.23670353846153847,0.5299378461538461,-0.18210107692307695
0.4223825384615385,-1.0743700769230768,-0.20790446153846157,-0.17685084615384616,-0.5369982307692307,-0.33706253846153855,1.1864233076923076,-0.23518453846153844,0.5899779999999999,-0.22218815384615392
1.0706160999999998,-1.0187008,-0.6571272,-0.42991709999999994,-0.8668751,-0.00754180000000001,1.3825502,-0.6286467,0.13648120000000002,0.2556404
0.58640525,-1.0333869166666665,-0.39502908333333336,-0.3212933333333334,-0.44945283333333336,-0.4128994166666667,0.7833081666666667,-0.021109083333333317,1.0271618333333334,-0.5153526666666667
0.5872794166666666,-1.0815710833333334,-0.3367475,-0.29074583333333337,-0.41694475000000003,-0.4214954166666667,0.8134350000000001,-0.029348416666666655,1.0042511666666667,-0.5169433333333333
0.5836641666666668,-1.1015473333333334,-0.38763716666666664,-0.3091441666666667,-0.4322561666666666,-0.44285016666666666,0.7385690833333333,0.05287924999999997,1.0305122500000001,-0.4905033333333333
0.5868005,-1.1297381666666668,-0.39318141666666667,-0.2623444166666667,-0.48879425,-0.3674875833333333,0.7845075833333333,0.06270516666666663,1.0381670833333334,-0.49028333333333324
0.5808319166666667,-1.0734221666666668,-0.36908783333333334,-0.3194413333333334,-0.3953194999999999,-0.4614068333333334,0.7294253333333334,0.0015964166666666186,1.003149,-0.5014579166666666
-0.6342565625000001,-1.8270701249999999,-0.6082966875,1.3374190000000001,-1.1872518124999998,2.3348149374999996,2.3290558749999994,-1.803721,-3.0755663125000003,1.8926386250000002
0.5337835384615385,-0.8249526153846157,-0.3219587692307692,-0.1728156153846154,-0.5126646923076923,-0.24195400000000003,1.2361710769230772,-0.03584461538461539,0.5924751538461539,-0.2305937692307693
0.5321211666666666,-1.0641372500000001,-0.4139502500000001,-0.23445208333333334,-0.53286825,-0.34231491666666675,0.8497208333333335,0.10614850000000002,0.94806875,-0.5019606666666666
0.6143079166666666,-1.102635,-0.4296413333333334,-0.2493876666666667,-0.5642320833333334,-0.314228,0.7887165000000002,0.10118508333333336,0.9810248333333335,-0.4672608333333333
0.5193473333333333,-1.0707498333333332,-0.4563471666666667,-0.18500716666666664,-0.4296966666666668,-0.39085074999999997,0.7558542500000001,0.04412883333333332,1.0226615000000001,-0.411569
-0.5223974375,-1.7692848749999996,-0.5801111875,1.3677063750000003,-1.1279248124999999,2.3364211249999998,2.2612349375,-1.7234089999999997,-2.8915674375000004,1.856439125
0.5566743846153845,-0.8884828461538462,-0.3157734615384615,-0.1448413846153846,-0.48472492307692316,-0.3915746923076924,1.0860213846153846,-0.11398984615384615,0.6494273076923076,-0.15537792307692302
1.2241974,-1.0025038,-0.6064064,-0.32388690000000003,-0.774491,-0.02451519999999998,1.1763252,-0.7404001000000001,0.2395980999999999,0.25220990000000004
0.568088923076923,-0.8749373846153847,-0.363303923076923,-0.13035423076923078,-0.523155076923077,-0.3865672307692308,1.0701846923076923,-0.0265536153846154,0.7012963076923076,-0.19547284615384614
1.1859062999999999,-1.0816252,-0.4844861,-0.40792409999999996,-0.6825897999999999,-0.22952559999999994,1.1935118,-0.7843918000000001,0.22047649999999996,0.25314059999999994
-0.6100101875000001,-1.8076183125,-0.5459591874999999,1.3489340625000001,-1.1182251874999998,2.27313375,2.3723236250000004,-1.80681225,-3.0459914375,1.9004675624999996
-0.63252475,-1.8176619999999999,-0.6282888125,1.3531679375000003,-1.1515981249999998,2.3070095624999998,2.3042743750000003,-1.760457625,-3.0370202500000003,1.9466658125
-0.5823520625,-1.8049934374999996,-0.6017176875,1.3048252500000002,-1.1328198124999997,2.3078330625,2.2876629375,-1.7714470625,-3.0468581250000004,1.9281665625000002
0.48664325,-1.0636503333333336,-0.4666943333333333,-0.19730266666666665,-0.3353828333333333,-0.5385634166666667,0.7066632500000001,0.03237866666666663,1.0298891666666667,-0.36198749999999996
0.5144560833333333,-1.0898524166666668,-0.47265141666666666,-0.19305841666666668,-0.3414945,-0.4908285833333334,0.6368936666666667,0.029235249999999973,1.0106109166666666,-0.34202341666666664
0.49933874999999994,-1.0620819166666668,-0.5063654166666667,-0.14502616666666668,-0.3045930833333333,-0.5113768333333334,0.5966905000000001,-0.06792175,1.0127283333333332,-0.37503283333333326
0.5079344615384616,-1.0530826923076924,-0.26007992307692307,-0.1958823846153846,-0.381585076923077,-0.6822586153846154,0.8955811538461538,-0.27598084615384616,0.784199,-0.2074383846153846
0.494162,-1.037320153846154,-0.27432623076923074,-0.21755646153846156,-0.366080076923077,-0.6918985384615385,0.8852455384615383,-0.2707866153846154,0.7959084615384615,-0.21609792307692302
1.0453613000000002,-1.2309526,-0.48527889999999996,-0.49372119999999997,-0.6255696,-0.46854870000000004,1.0586868,-0.9232891000000001,0.29445200000000005,0.24633940000000004
1.0360337000000002,-1.2219263000000002,-0.5092083000000001,-0.42676959999999997,-0.6461725,-0.41014480000000014,1.0834718,-0.9010441,0.2960994,0.24794570000000005
1.0645649000000001,-1.2253971000000001,-0.47401,-0.4527697,-0.6220649,-0.42400700000000013,1.0348687,-0.9261383999999999,0.27691319999999997,0.24220650000000005
0.43869874999999997,-1.0730395000000004,-0.5773805833333333,-0.1420344166666667,-0.21816433333333327,-0.5702765833333334,0.5747044166666667,0.02349699999999999,0.9925785833333333,-0.23104574999999997
0.49971561538461534,-1.0203536923076926,-0.2930630769230769,-0.21287115384615385,-0.42305992307692303,-0.7429253076923078,0.9208784615384616,-0.12436646153846156,0.8245145384615385,-0.2600004615384617
1.1343696,-1.1729543,-0.5105805,-0.46902250000000006,-0.5870461,-0.5311111000000001,0.917991,-0.9464892,0.39467789999999997,0.15289050000000004
0.4852355833333333,-1.0149728333333334,-0.5062003333333333,-0.14388683333333338,-0.27148916666666656,-0.5618139999999999,0.63353,0.006489916666666651,0.9893208333333333,-0.33112891666666666
-0.570070375,-1.8006872499999997,-0.5845928749999999,1.3130315625,-1.1196646249999997,2.2064617500000003,2.229361875,-1.692729,-2.8835011875000003,1.8462223125
-0.5744771875,-1.7828985,-0.6012108125,1.2915063125000001,-1.1104020624999997,2.2089710000000005,2.2446985625,-1.719798,-2.8663356250000005,1.8707070624999997
1.2594369,-1.1290368000000002,-0.48047570000000006,-0.31888019999999995,-0.5044575,-0.4690742,0.9695395000000001,-0.9960459,0.47299369999999996,0.2826701
-0.14555866666666667,-1.3785796666666668,-0.5442947777777777,0.5189501111111111,-0.7320438888888889,0.7997256666666666,1.369279,-0.9505068888888888,-1.3435853333333334,1.1095023333333334
-0.5220138124999999,-1.707977125,-0.5854176875,1.4058300000000001,-1.0272552499999998,2.2863359375000005,2.2606320625,-1.80857875,-3.008989,1.9257038125000003
-0.17166388888888884,-1.3496453333333334,-0.5673996666666666,0.5259498888888889,-0.7215754444444443,0.811008888888889,1.3544887777777774,-0.9230093333333333,-1.2939752222222223,1.0841825555555558
0.50656,-1.0318164615384615,-0.27158553846153843,-0.22253592307692305,-0.32084138461538464,-0.7630283076923077,0.8310243846153844,-0.2557246923076923,0.8231863076923076,-0.24628184615384618
1.1619029,-1.2111461000000001,-0.49326689999999995,-0.41664779999999996,-0.5397257000000001,-0.4926906000000001,0.9273004,-1.0787342,0.43208789999999997,0.21703710000000004
0.530010923076923,-1.0662457692307694,-0.2789013846153846,-0.2274176923076923,-0.33756423076923087,-0.7162755384615385,0.8563785384615386,-0.30143930769230765,0.8294909230769232,-0.18774115384615384
1.1464974,-1.2192033,-0.5253596,-0.40850099999999995,-0.51624,-0.5329454,0.8616496999999999,-0.980927,0.4609382999999999,0.21333719999999995
1.1274814,-1.2411447,-0.528545,-0.4410719,-0.5218369,-0.5678173000000001,0.8412461999999999,-0.9969396999999999,0.46341099999999996,0.2210279
1.1167802999999998,-1.1089113999999998,-0.5617229,-0.3690741999999999,-0.5271318,-0.46916400000000014,1.0065876,-0.8268438,0.3335133,0.3204792
0.464067,-0.9803881538461539,-0.32608584615384617,-0.15213792307692306,-0.3573506153846155,-0.7102206923076924,0.9465763076923076,-0.12470584615384617,0.7204396923076923,-0.13500807692307687
-0.6240726875,-1.7858853749999997,-0.5843354374999999,1.37910375,-1.0244799375,2.1904017500000004,2.2953565625,-1.8196756875,-3.0131346875,1.9477263124999997
-0.6183349375,-1.8089730624999998,-0.581301625,1.3635168125000001,-1.0511424375,2.2043784375,2.2593159375,-1.844724625,-3.0269986875000003,1.9451679999999996
-0.3234658888888889,-1.5852228888888886,-0.511840111111111,0.45519388888888884,-0.7274594444444444,0.6300911111111112,1.308290333333333,-0.9809156666666665,-1.3218516666666664,1.1037175555555556
0.5246016923076924,-1.0398178461538465,-0.25567023076923073,-0.17504807692307692,-0.3186016923076923,-0.6909046153846152,0.8371010000000003,-0.2765196153846154,0.7911236923076925,-0.1784005384615385
0.5486885384615385,-1.0169430769230772,-0.22032669230769233,-0.17185061538461535,-0.2953246923076923,-0.7335062307692307,0.8345450000000002,-0.3106976153846154,0.8074226923076924,-0.2119443076923078
1.1187871,-1.121778,-0.5106497999999999,-0.3660325000000001,-0.21947539999999996,-0.7532005999999999,0.77901,-1.1065876,0.5251181,0.26725000000000004
1.093917,-1.1244192000000002,-0.49640829999999997,-0.36456350000000004,-0.21215070000000003,-0.7449827999999998,0.7796855,-1.1333606999999999,0.5397223999999999,0.25400140000000004
0.48389823076923083,-1.0204566923076925,-0.34056607692307694,-0.1287803846153846,-0.2329447692307693,-0.7994824615384617,0.7772306153846155,-0.25073423076923074,0.8579186153846153,-0.11958492307692306
1.1101187,-1.0977267000000002,-0.6140266,-0.3075576000000001,-0.2895772000000001,-0.7060667,0.7790624000000002,-1.0468696999999998,0.5217882000000001,0.2968909
-0.53149875,-1.7561564374999996,-0.5862751249999999,1.2149054375000001,-0.9695247500000002,2.05623425,2.0303825,-1.589237375,-2.67470775,1.8034388125
-0.580876125,-1.814527875,-0.5336801874999999,1.1848228125000002,-0.9417198750000001,2.0155540000000003,2.0836465625,-1.7292033125000001,-2.7253051250000007,1.8073313125000001
-0.5557626874999999,-1.8122889999999998,-0.5265603124999999,1.1658566875,-0.9665599999999999,2.0152471875,2.0793265,-1.7431015,-2.7318231875000003,1.7936251875
1.1402933000000002,-1.1077285,-0.6218608,-0.45374610000000015,-0.43438630000000006,-0.6746268000000001,0.6905420999999998,-0.7921799,0.4544728000000001,0.2620723
1.1269978999999999,-1.0827195,-0.6283312999999999,-0.4691434000000001,-0.42613260000000003,-0.6661919000000001,0.7192391999999999,-0.8182888,0.4392779000000001,0.24252860000000004
0.5078955384615385,-0.9758288461538462,-0.37749938461538457,-0.2079655384615385,-0.28038569230769245,-0.8258825384615386,0.7246290769230769,-0.09140530769230769,0.8403230000000002,-0.150019
0.4832879230769231,-0.9712513846153847,-0.3667939230769231,-0.22626646153846158,-0.2628039230769232,-0.8329326923076924,0.7088618461538462,-0.11512392307692308,0.8168724615384616,-0.14938269230769233
0.495271,-0.9651096923076925,-0.3741000769230769,-0.22837407692307699,-0.2600466923076924,-0.8586413076923077,0.7187342307692308,-0.12232253846153845,0.8473985384615386,-0.179175923076923
1.1723426,-1.213153,-0.49392420000000004,-0.4924914,-0.5413564,-0.5623057000000001,0.8751965000000002,-0.7564654000000001,0.3932821,0.285794
0.5297033846153847,-1.0518983076923079,-0.2751639230769231,-0.25231215384615385,-0.35768700000000003,-0.7618486153846155,0.8618573076923076,-0.04551807692307692,0.8157129230769231,-0.1520808461538461
-0.3083485555555556,-1.5859922222222222,-0.4837624444444444,0.2686463333333332,-0.6145528888888889,0.4085777777777777,1.164884888888889,-0.7792916666666667,-0.9227557777777776,0.9368967777777778
0.4922548333333334,-1.1674586666666666,-0.5961677499999999,-0.12529216666666676,-0.11027675000000005,-0.66179325,0.3006983333333333,0.09591541666666666,1.1514879166666667,-0.18244383333333336
0.4922548333333334,-1.1674586666666666,-0.5961677499999999,-0.12529216666666676,-0.11027675000000005,-0.66179325,0.3006983333333333,0.09591541666666666,1.1514879166666667,-0.18244383333333336
0.48677253846153845,-1.0601645384615388,-0.2897155384615384,-0.2402533076923077,-0.2593082307692308,-0.7890932307692309,0.7405814615384616,-0.14747376923076924,0.7756110769230771,-0.10653069230769223
1.1427969,-1.2150312,-0.5178659999999999,-0.4841331000000001,-0.4381235000000001,-0.5837140000000002,0.7308286,-0.8756568,0.4243197,0.29054389999999997
1.1279049,-1.2765021,-0.49617009999999995,-0.4907433000000001,-0.4467866000000001,-0.6118978,0.7154583000000001,-0.8548707,0.3976253,0.2951595
0.5023298333333334,-1.1560938333333333,-0.6220864166666666,-0.029822916666666737,0.016664166666666685,-0.5579542500000001,0.326822,0.24250924999999998,1.0798438333333333,0.0133859166666667
0.4961713846153846,-0.901953076923077,-0.4953298461538462,0.08742584615384612,0.08311538461538463,-0.8361597692307694,0.646645076923077,-0.10362107692307695,1.0033565384615386,0.13072499999999998
0.5528164166666667,-0.9507274166666667,-0.7016192499999999,0.08414083333333333,0.012912249999999978,-0.5098794999999999,0.4367940833333333,0.24460533333333323,1.1386620833333334,-0.04908225000000003
0.5399253333333334,-0.9719397500000001,-0.6765775,0.05071274999999997,0.0376530833333333,-0.4982619166666667,0.40966874999999997,0.24548499999999998,1.1322636666666668,-0.035082250000000016
-0.4350508124999999,-1.6772020624999997,-0.543424625,1.2317746875,-0.9186546875,2.040992875,2.0707921874999995,-1.5530464999999998,-2.6284915625000007,1.7873044999999999
-0.5884244375,-1.8066648749999998,-0.5348368124999999,1.2849220625000002,-0.9484616874999999,2.1055956874999997,2.19548975,-1.7287021249999999,-2.9302324375,1.94535425
1.2278958,-1.1280113999999997,-0.47158369999999994,-0.37544769999999994,-0.39045040000000003,-0.5952206,0.8614402000000002,-0.8870391999999999,0.46423500000000006,0.27269499999999997
1.1461304,-1.0692621999999998,-0.5829036999999999,-0.2724362,-0.0683913,-0.7306379000000002,0.701741,-0.97969,0.49950209999999995,0.4738062
-0.49773262499999993,-1.7384629999999999,-0.5078550625,1.3390090625,-0.9114532500000001,2.1114669999999998,2.180652125,-1.6405018125,-2.8061621875000005,1.89604
0.5504294166666668,-1.0131618333333332,-0.5381885833333333,-0.004694333333333393,0.10866766666666668,-0.6648065833333334,0.4320979166666667,0.14077516666666667,1.1370305833333334,-0.09718274999999998
1.1230371,-1.0180318,-0.7599361,-0.23090800000000006,-0.15625099999999997,-0.6675143,0.6468157999999999,-1.0363763000000001,0.5893364,0.4669656000000001
1.2129358,-1.0544012999999999,-0.5628008999999999,-0.3212733,-0.2045071,-0.6554152999999999,0.7339179,-0.8955468,0.5451406999999999,0.3797727000000001
1.1847838,-1.0871137999999998,-0.5432271,-0.3180319,-0.21853519999999999,-0.6971985,0.764195,-0.8399229,0.5446895999999999,0.37983390000000006
0.5226343076923077,-0.9224307692307693,-0.3192668461538461,-0.11336230769230768,-0.08720546153846151,-0.8207649230769232,0.7708604615384615,-0.21191161538461542,0.8516276923076925,-0.050547076923076834
0.542119,-0.9599713846153846,-0.317011923076923,-0.10357,-0.11434638461538456,-0.8432453846153847,0.7812851538461539,-0.1281306923076923,0.9097205384615386,-0.05943315384615378
1.2084634,-1.0124816,-0.6658533999999999,-0.0933279,-0.011669200000000001,-0.6968452,0.6254775,-0.8780031999999999,0.5959606,0.5193508
0.5675213076923077,-0.9104658461538464,-0.4008514615384616,0.06232253846153849,0.055077384615384646,-0.8807058461538463,0.6542914615384616,-0.16106076923076926,0.9479136923076924,0.06655946153846154
0.5500196153846154,-0.8893033076923079,-0.4055956153846154,0.06410038461538463,0.06769492307692311,-0.8534305384615386,0.6651463076923078,-0.13998746153846153,0.9527386923076924,0.0337610769230769
-0.4860843749999999,-1.7038038749999997,-0.5702684375,1.4368456250000001,-0.9409019999999999,2.2517705625,2.2404780625,-1.6841170625,-2.9635344375000003,1.9913573125
-0.5078959375,-1.698749125,-0.5689083125,1.3974566875,-0.921807875,2.22602075,2.2325633125,-1.706783625,-2.9767046875000003,1.9880594374999996
-0.5127603749999999,-1.7084968125,-0.5756269999999999,1.4225185625000003,-0.9211829375000001,2.2023936250000005,2.2589425,-1.6844184375,-2.9716872500000004,2.0024544374999995
0.5094243846153846,-0.8567513076923079,-0.3693097692307692,-0.03455361538461537,-0.06106499999999994,-0.8365353076923078,0.8462823076923076,-0.14124876923076926,0.9384302307692309,-0.07633746153846156
1.1416566,-1.0397543999999999,-0.6099102000000001,-0.18764280000000003,-0.15023979999999998,-0.6941852000000001,0.7940343000000001,-0.9411121,0.6027701999999999,0.3758687
1.1715261,-0.9933533999999999,-0.6636162,-0.1195341,-0.1624805,-0.5863160000000001,0.7736764,-0.9473568,0.5921099,0.4684615
0.4781520769230769,-0.8206908461538464,-0.5038462307692307,0.019245307692307676,0.007508307692307699,-0.8321656923076924,0.703963076923077,-0.27103430769230774,0.9593683076923077,-0.00628784615384617
1.0940878,-0.9427429999999999,-0.8419074999999999,-0.053896900000000005,-0.0290466,-0.6898071000000001,0.6720134000000001,-0.8555128,0.5822619,0.5904078000000001
0.46224123076923074,-0.8461753846153849,-0.5376363076923076,0.09120523076923079,0.05415492307692311,-0.8466537692307692,0.6894313846153847,-0.1522598461538462,0.9267713846153848,0.10644715384615386
1.0625706999999998,-0.9823517,-0.8502833000000001,-0.0089893,-0.031113100000000005,-0.7056884999999999,0.6424861,-0.9035969999999999,0.6493032,0.5547583
1.0723844,-0.9552598999999999,-0.8395791000000001,0.0399826,0.0063469999999999915,-0.6874219,0.6580264,-0.8949645,0.6869601,0.54384
0.43724099999999994,-0.8822701538461538,-0.5476532307692309,0.14622623076923075,0.03509769230769232,-0.8618487692307691,0.6872008461538462,-0.17301784615384616,0.9944170769230769,0.0723628461538462
1.1610963,-0.8462484,-0.7726127,-0.025541400000000113,0.1009175,-0.6804141000000001,0.6585366,-0.8230226,0.5803382000000001,0.5708739
-0.23110733333333336,-1.496971111111111,-0.49127644444444446,0.531630111111111,-0.4642939999999999,0.5980015555555557,1.2484046666666666,-0.8044591111111111,-1.1186903333333333,1.2177236666666664
-0.2147911111111111,-1.473722888888889,-0.47917444444444446,0.5937874444444444,-0.46570322222222216,0.6400816666666668,1.2756134444444445,-0.7954042222222222,-1.1227501111111111,1.1636517777777777
0.4430010769230769,-0.8106298461538463,-0.5054739230769231,0.08163261538461536,0.08177153846153849,-0.8713176153846154,0.7253658461538462,-0.17032361538461538,0.843573153846154,0.09899015384615388
1.0489837000000002,-0.9413066999999999,-0.8551262999999999,-0.0715567,-0.019957599999999943,-0.7224209000000001,0.6187728,-0.8442497,0.5545418999999999,0.5615240000000001
0.4320932307692308,-0.8392376923076925,-0.5501958461538462,0.0827443846153846,0.0564234615384616,-0.8787473076923079,0.6577982307692307,-0.11897976923076924,0.9268293076923079,0.06207753846153849
1.0971982,-1.0065538,-0.8205207000000001,-0.04980639999999999,0.0986429,-0.6753567,0.5386468,-0.8091541,0.622536,0.6966243000000001
0.5242700769230769,-0.832632076923077,-0.4786963846153846,0.08570246153846145,0.08882046153846156,-0.8568202307692309,0.6438783846153845,-0.1083080769230769,0.9897810769230772,0.045156230769230796
0.5125257692307692,-0.8510995384615385,-0.4990223846153846,0.0939370769230768,0.0667193076923077,-0.8341143846153846,0.6618333846153847,-0.08512392307692304,1.011458153846154,0.060483230769230796
0.5388665833333334,-0.8643605,-0.7490203333333333,0.1797693333333333,0.14696833333333334,-0.4031205833333333,0.5433560833333334,0.38888475000000006,1.0286210833333331,0.16323533333333337
1.0363464999999998,-1.0512809,-0.6905223,-0.2512233,-0.06349519999999997,-0.7695608,0.7309111000000001,-0.8914201,0.5442527,0.48741889999999993
0.425091,-0.9273813076923079,-0.42639323076923075,-0.06672130769230768,0.009898538461538507,-0.9212756153846156,0.7508685384615386,-0.1493293846153846,0.9318441538461539,0.00301523076923074
0.40985983333333326,-0.9379697499999998,-0.78853925,0.17173258333333333,0.22771016666666666,-0.5240382499999999,0.46176516666666667,0.36289041666666666,0.99894275,0.20820016666666666
0.42007924999999996,-0.8917812500000001,-0.81932225,0.18114858333333342,0.15075833333333333,-0.4860986666666667,0.5157770833333334,0.41520783333333333,0.9957233333333334,0.20285124999999996
0.4452850833333333,-0.9286523333333333,-0.7898904166666667,0.1970564166666667,0.18701308333333333,-0.42750974999999997,0.45783966666666664,0.39151458333333333,0.9787572500000001,0.24394149999999995
0.3930160833333333,-0.9153272499999998,-0.8137555000000001,0.13822333333333336,0.1886844166666667,-0.4417776666666667,0.43418375000000003,0.4269779166666667,0.9411237500000001,0.21684733333333328
0.49281749999999996,-0.9053978333333333,-0.7351882499999999,0.19525783333333344,0.23674333333333333,-0.4513075833333333,0.47963775000000003,0.3146360833333332,1.0971918333333335,0.12564441666666668
0.49699608333333334,-0.8728590833333335,-0.7408845833333334,0.21972708333333343,0.2076114166666667,-0.46037675,0.5650375,0.3214288333333333,1.0967035,0.13276558333333333
1.1657452,-0.9481046000000001,-0.7800623,0.006015699999999935,0.06457169999999998,-0.6914066,0.5953825,-0.7780629999999998,0.6066464999999999,0.5985152
0.5066146153846154,-0.8526527692307695,-0.4830491538461539,0.16091146153846145,0.12607592307692306,-0.8562410000000001,0.6473289230769231,-0.07739269230769229,0.9739676153846155,0.08728630769230769
1.1708574999999999,-0.9389724000000002,-0.8115359999999999,-0.059170999999999994,-0.001180200000000009,-0.6674913,0.5938076999999999,-0.7566444000000001,0.5197099999999999,0.6778447000000001
-0.62366525,-1.78018675,-0.5979916875000001,1.4077822500000001,-0.8717039999999999,2.1576310624999997,2.214914,-1.7166671875000001,-2.9827433125000002,2.0607418125
-0.594922375,-1.8207188124999998,-0.56090375,1.3886407500000002,-0.9061101249999999,2.2128258125,2.206718875,-1.7565771875,-3.0081319375000004,2.0565861874999998
0.5527503076923077,-0.8872045384615388,-0.4949952307692308,0.1491590769230769,0.15258007692307693,-0.7054065384615384,0.6257608461538463,-0.05718184615384613,0.9047124615384617,0.26008638461538464
1.2291353,-1.0197593,-0.7390368,0.07654329999999991,0.1810224,-0.4931357,0.6312529,-0.6729063999999999,0.5722407,0.8412302
0.5819606923076923,-0.9009427692307695,-0.43939976923076923,0.19294230769230764,0.22250569230769235,-0.7417036923076922,0.666083076923077,-0.0027273846153846103,0.9528796923076924,0.2693812307692308
-0.5944194375000001,-1.7758342499999997,-0.6343983749999998,1.4223082500000004,-0.890423375,2.1856999375000004,2.1506026874999997,-1.6832364375,-2.9463659375,2.0528445625
-0.5740920625000001,-1.7607444374999996,-0.6286119375,1.4231104375000003,-0.8896082499999999,2.1468230000000004,2.2021840624999998,-1.7141776874999999,-2.9453398749999997,2.0555065625
-0.3013524444444444,-1.5205986666666669,-0.5287768888888889,0.5396898888888888,-0.4208088888888889,0.565461,1.317258777777778,-0.6372662222222221,-1.2930044444444446,1.3805423333333335
0.4851256153846154,-0.8752380769230771,-0.46924215384615375,0.22058261538461538,0.23014376923076926,-0.7233923846153847,0.685265076923077,-0.006389692307692314,0.9607722307692309,0.25199223076923083
1.1412552999999999,-0.9738555,-0.8144345000000002,0.09408689999999995,0.24358320000000006,-0.5078020000000001,0.6162059,-0.6089304,0.5906936,0.8549168
1.1439454,-0.9819550000000001,-0.7514296,0.15031529999999996,0.26716629999999997,-0.4979761,0.6736746,-0.6314905,0.5827095999999999,0.8709472999999999
0.56057725,-0.91835425,-0.7105864999999999,0.2549604166666666,0.19386458333333334,-0.38746774999999994,0.48237149999999995,0.39270166666666667,1.10028225,0.15285691666666665
1.1672049000000002,-0.9538798999999999,-0.8482185,0.1444573999999999,0.19671129999999998,-0.40004799999999996,0.6293946000000001,-0.5439671,0.5360972,0.9254893
-0.09666433333333334,-1.3496145555555557,-0.5132373333333333,0.6820298888888889,-0.3475109999999999,0.8080562222222223,1.3507962222222223,-0.6780211111111112,-1.310891111111111,1.4096935555555556
0.5140292307692308,-0.9314367692307695,-0.44522430769230764,0.12374215384615389,0.14549584615384617,-0.7249411538461538,0.6783186923076924,-0.044380230769230804,0.7864390769230771,0.30999
1.1747564000000001,-1.0632595999999999,-0.7077764,-0.024926800000000048,0.08490729999999998,-0.5139341999999999,0.6910325,-0.6796599,0.4643751,0.8447214000000001
0.5626646153846153,-0.8960035384615387,-0.39359123076923075,0.10391415384615382,0.14616446153846158,-0.7409986923076922,0.7345932307692309,0.07231215384615385,0.8698108461538463,0.2593267692307693
1.1969447,-1.0952539,-0.5979398,0.0514321,0.1537057,-0.5723751,0.7599072,-0.5748291,0.5648291999999999,0.8106840999999999
1.1961862,-1.0952085,-0.6100754,0.0537914,0.0965322,-0.5414819,0.7723457,-0.6237503,0.5267095999999999,0.8123343000000001
-0.530951,-1.7825960625,-0.535503375,1.4457,-0.8540915625,2.216679,2.2870043125,-1.620879875,-3.0105178125000003,2.1291024999999997
0.551227,-0.9314086923076925,-0.4638331538461538,0.20806999999999992,0.2067966923076923,-0.620595,0.7288627692307693,0.17369861538461548,0.8614224615384616,0.4153283846153846
1.1899757000000002,-1.0333314,-0.7206735999999999,0.017878899999999965,0.16917100000000002,-0.3723049,0.6916285999999998,-0.47925209999999996,0.4165094,0.9984371
0.5413624615384616,-0.9139160000000002,-0.4545035384615384,0.152926,0.1887849230769231,-0.587684076923077,0.7276554615384614,0.15426492307692313,0.8051692307692307,0.4205399230769231
1.1775635999999998,-0.8867966,-0.7513349,0.12135910000000003,0.2876135000000001,-0.41479579999999994,0.8270074000000001,-0.5436634,0.49123910000000015,0.9129638999999999
0.5477278461538462,-0.8143336153846157,-0.4684509230769231,0.22998069230769236,0.2793928461538462,-0.6329423846153847,0.8225725384615384,0.105202,0.8733758461538463,0.34602946153846165
0.6287099166666668,-0.9083404166666668,-0.5997975833333333,0.2576090833333334,0.20614849999999998,-0.2581055833333334,0.6395755000000001,0.6999005,0.9427805000000001,0.27873225000000007
0.6334186666666667,-0.8821657500000001,-0.6194505833333334,0.250979,0.21571450000000003,-0.2460245,0.6324550833333333,0.6680100000000001,0.8818935,0.2984765000000001
0.6165820833333333,-0.8763561666666669,-0.6103076666666667,0.24216374999999993,0.24828725,-0.2772018333333333,0.6311984166666668,0.6565705000000001,0.8889578333333334,0.2700379166666667
-0.5747996875,-1.7477121249999998,-0.5766198124999999,1.5032579375000001,-0.8120714375000001,2.2167519374999998,2.268645,-1.637669,-2.997185125,2.1226601249999995
-0.5618759375000001,-1.7183423125,-0.570015875,1.5123462500000002,-0.7966761875,2.2032860000000003,2.3237650624999997,-1.632721,-2.99001075,2.1108852499999995
0.5283888461538462,-0.8882513076923076,-0.495141,0.2586614615384616,0.2623402307692308,-0.6064136923076922,0.6937529230769232,0.060379076923076945,0.9002125384615385,0.37544315384615395
0.5532345384615385,-0.873642153846154,-0.5071346153846155,0.20468507692307691,0.25775776923076926,-0.606010923076923,0.6455453846153847,0.013290076923076958,0.9099326153846156,0.3478420000000001
1.1613023999999998,-0.9807651,-0.8469681,0.16083390000000006,0.23571020000000004,-0.3151653000000001,0.6545281999999999,-0.6517085999999999,0.5296915,0.9893808
0.5174031538461539,-0.8536830769230771,-0.5283162307692308,0.2524001538461539,0.268539076923077,-0.6116947692307693,0.6831062307692307,0.04353038461538467,0.9188536153846155,0.3727046923076924
-0.46086799999999994,-1.6686498124999998,-0.5741827499999999,1.3313267500000001,-0.7682060624999999,2.0571161250000003,2.0989571875,-1.4270050625,-2.6089403125000006,1.9506052499999995
1.1833451,-0.9361176,-0.7648606,0.07692979999999998,0.1949752,-0.4873595999999999,0.6966461999999999,-0.6169633999999999,0.5664833,0.7921278
1.2101392,-0.9794881999999998,-0.7197547,0.11114779999999994,0.3383712,-0.5355302999999999,0.6226922,-0.6731296,0.5903636999999999,0.8712768000000001
-0.5453886875,-1.7554488124999996,-0.5817149375000001,1.502891,-0.7615721249999998,2.2328718750000003,2.1983108749999998,-1.6400826875,-2.9230364375000004,2.1141600625
-0.5535224375,-1.7405808749999996,-0.58311875,1.4769443125000001,-0.76581825,2.2044463125,2.1992648125,-1.659045875,-2.9451099375000003,2.1167362499999998
1.1737092,-0.9421083999999998,-0.8384801,0.19715739999999993,0.3272982,-0.4628905,0.6382766999999999,-0.5717353,0.6027970999999999,0.9308127
0.5281936153846154,-0.8790300000000001,-0.5440486153846155,0.32183753846153845,0.3032479230769231,-0.6454216153846155,0.6747497692307693,0.07771338461538467,0.9652687692307693,0.39426523076923087
0.5301876923076922,-0.8385358461538464,-0.5212413846153846,0.2888745384615384,0.3280851538461539,-0.7421645384615385,0.6561329230769231,0.08306384615384624,1.007003,0.30778230769230774
0.5103213333333335,-1.1084011666666667,-1.106035,-0.02832066666666669,-0.8491343333333333,-0.12854150000000006,2.0156804999999998,0.639302,0.32530716666666665,0.9841135
1.2421818999999998,-0.8539112000000001,-0.7702351000000001,0.17589779999999994,0.2474023,-0.21279989999999996,0.6697036000000001,-0.4561323,0.2211744,1.0463736
-0.39069068749999997,-1.6862412499999997,-0.54923725,1.3689778125000005,-0.81262,2.1398759375000003,2.1393555,-1.4960188125,-2.6412188750000003,1.9814578125
1.2007067,-1.0167982,-0.827617,0.22797979999999995,0.1618886,-0.26472490000000004,0.6644734,-0.6082305,0.4859394999999999,0.9948480999999999
-0.059967444444444414,-1.353929888888889,-0.5307382222222222,0.6527092222222222,-0.3583645555555555,0.9745901111111112,1.3642935555555558,-0.5313667777777779,-1.3238943333333335,1.4440472222222223
-0.4460105624999999,-1.6882905624999998,-0.5874646250000001,1.4751446875000003,-0.8218900625,2.345399,2.226718875,-1.5963291875,-2.95718525,2.1199928125
-0.06363022222222219,-1.3646773333333335,-0.5212763333333332,0.6611005555555555,-0.3674607777777777,0.9327363333333335,1.341766,-0.5674672222222222,-1.380218111111111,1.4349562222222223
-0.54397775,-1.7485005624999999,-0.577352125,1.4893930625000003,-0.7717,2.2049373749999996,2.194026625,-1.6253876875,-2.7929534375,2.0752478749999996
-0.4583526249999999,-1.7395015624999999,-0.5584360624999999,1.4564769375,-0.7971670624999999,2.26613675,2.2198861874999993,-1.5192202499999998,-2.814455875,2.0892275624999996
0.5932962307692308,-0.8359225384615386,-0.5497396153846155,0.24235930769230757,0.23097000000000006,-0.48593507692307697,0.696015153846154,0.13229715384615393,0.8552406153846156,0.4259183076923077
1.2332509000000003,-0.9729051999999999,-0.8007019,0.2183852,0.19021099999999996,-0.2099089,0.7493150999999999,-0.4549783999999999,0.4530044999999999,1.032505
0.5414152307692308,-0.8823026923076924,-0.4810545384615385,0.30576292307692304,0.21650223076923078,-0.49809230769230783,0.7670896153846154,0.15321276923076932,0.8137229230769231,0.43352399999999996
1.1995188,-0.9456441,-0.8184555,0.10162369999999996,0.15588150000000003,-0.2856097999999999,0.7109152,-0.5417472,0.3994645,0.9970387
1.2064197,-0.964884,-0.8135087999999999,0.11703279999999998,0.14418670000000003,-0.21199989999999996,0.7032825,-0.5851002,0.3932023999999999,1.0088418999999997
0.5705001538461538,-0.8593647692307693,-0.5256056153846154,0.2062472307692308,0.18775800000000006,-0.4971504615384616,0.7059286153846153,0.07448107692307698,0.789592923076923,0.42015215384615384
-0.010409888888888854,-1.3634717777777778,-0.4334381111111111,0.5208828888888889,-0.30413433333333334,0.7306515555555556,1.2002587777777778,-0.3723858888888889,-0.9706365555555556,1.2488901111111115
0.6497151666666667,-0.9566419166666665,-0.6621281666666666,0.14175433333333334,0.12587016666666667,-0.19189425000000004,0.4042866666666666,0.8879808333333333,0.6179168333333334,0.3868130833333334
0.6236983333333334,-0.9312629999999998,-0.6159654166666667,0.16676691666666668,0.16701675000000002,-0.28605016666666666,0.4232957499999999,0.7382075833333334,0.5751663333333333,0.36115841666666665
0.5490074615384615,-0.9074562307692309,-0.42996599999999996,0.27329892307692305,0.3245406923076924,-0.6016586153846153,0.7391091538461539,0.10824946153846159,0.9017542307692309,0.38610661538461544
0.6050840000000001,-0.98071275,-0.6648096666666666,0.04406024999999995,0.12303958333333333,-0.28035933333333335,0.43069675,0.9001124166666666,0.6417398333333334,0.39759533333333336
-0.5189556874999999,-1.725307,-0.5514051875,1.4821117500000003,-0.7862341250000001,2.2482696875,2.2824759375,-1.4699071249999998,-2.8556409375000005,2.079060625
-0.5040158124999999,-1.6985713124999997,-0.5526986875,1.4872920625000003,-0.7837748125000001,2.245579375,2.33796925,-1.4919253124999998,-2.8940778125000004,2.0893409999999997
0.62332275,-0.9637066666666665,-0.65147625,0.16169449999999996,0.07106258333333328,-0.19019425,0.6013965,0.8178604166666666,0.6787788333333333,0.37976875000000004
0.6144895833333334,-0.9649170833333333,-0.6383963333333333,0.15568166666666663,0.0751553333333333,-0.17060558333333334,0.6117634166666668,0.8262977499999998,0.6658776666666667,0.3990088333333334
-0.5196689375,-1.69466425,-0.6192084999999999,1.4729739375000004,-0.8721935624999999,2.33638775,2.329217375,-1.5782911874999999,-3.019974125,2.131023125
0.65907875,-0.9765692500000002,-0.6629315,0.08177624999999995,0.08281233333333332,-0.17595924999999998,0.4694298333333333,0.8286092500000001,0.6782260833333332,0.40135341666666674
0.6777498333333334,-1.03893875,-0.6251242499999999,0.07643858333333327,0.04587666666666668,-0.10519999999999996,0.43464283333333326,0.8190081666666668,0.6545226666666667,0.40450233333333346
0.6304431666666667,-1.0357208333333332,-0.6127427500000001,0.08340524999999999,0.04654266666666664,-0.16737449999999995,0.4434551666666666,0.8425065833333333,0.6166808333333333,0.4078435833333334
0.6357974166666667,-0.9605939999999998,-0.69629925,0.014782249999999997,0.07065358333333333,-0.1996029166666667,0.44209683333333333,0.97974725,0.5536354166666666,0.4351019166666667
0.60933475,-0.9034534999999999,-0.6928476666666668,-0.035829333333333345,0.10896475000000001,-0.2056901666666667,0.47156475000000003,0.9962644166666669,0.5028145833333334,0.4380545
0.5926094166666668,-0.9308181666666666,-0.7014074166666667,-0.022128500000000034,0.10197766666666667,-0.19677225,0.4472205833333333,0.9907458333333334,0.5315809166666666,0.4242688333333334
0.6367486666666666,-0.9505009999999999,-0.7256470833333334,0.007790583333333341,0.06056591666666666,-0.18178908333333335,0.441538,1.0340792500000002,0.5781625,0.42751950000000005
0.6488580833333334,-0.9334951666666665,-0.6743590833333334,-0.08608016666666667,0.07645325000000001,-0.2228476666666667,0.3764665,1.01345775,0.52311125,0.4034815
1.2740380999999998,-1.0009868000000002,-0.7377946000000001,0.024763299999999978,0.18803869999999998,-0.1715336,0.6743016,-0.1461451999999999,0.11985029999999997,1.1696838
0.6034290769230769,-0.8792910769230772,-0.4560076923076923,0.14812538461538458,0.22394761538461536,-0.48716492307692316,0.6878908461538462,0.4200159230769231,0.6160936923076922,0.5064345384615384
-0.44644406249999996,-1.6424961875,-0.5612745625,1.3572429375000004,-0.703748,2.154374125,2.1783011875,-1.3809376249999998,-2.683630875,2.00504675
0.6123781538461539,-0.8894619230769231,-0.5305852307692308,0.09471076923076914,0.17946507692307695,-0.4342090769230769,0.6183382307692308,0.5857873846153847,0.4697831538461539,0.5930647692307692
1.2195322000000002,-0.9697962,-0.7984924999999999,-0.11100040000000008,0.18263229999999997,-0.23948110000000003,0.5931597000000001,0.11810290000000001,-0.09540439999999997,1.2022898
0.5911801666666667,-0.8065757499999998,-0.7619889166666667,0.02111749999999994,0.15201183333333332,-0.25486675,0.38854249999999996,0.9400864166666668,0.5266903333333334,0.33472116666666674
-0.532686875,-1.6610523749999997,-0.60575925,1.5314173750000004,-0.7414646875,2.261126125,2.2388286875,-1.556529375,-2.9441114375000006,2.1103369375
-0.5331361875,-1.6513782499999998,-0.619742625,1.5364173750000003,-0.764603875,2.3071167499999996,2.2815276874999997,-1.5801341875000001,-2.9631280625,2.115443
0.6375460833333334,-0.9843938333333334,-0.6794609166666667,0.061762999999999936,0.0715569166666667,-0.1292903333333333,0.38818691666666666,0.8150867500000002,0.54121325,0.4353800000000001