-0.03071413976851336 -0.020087909561864244 0.0 -0.0011692116435753352 -0.0001321198808720819 0.008656562350882708 0.8121004945389229 -0.04143946834055857  
-0.03071413976851336 -0.020087909561864244 0.0 -0.0011692116435753352 -0.0001321198808720819 -0.002507022110461978 1.0106515026010063 -0.04143946834055857  
-0.03071413976851336 -0.020087909561864244 0.0 -0.0011692116435753352 -0.0001321198808720819 -0.002507022110461978 1.0315516087128047 -0.04143946834055857  
-0.03071413976851336 -0.020087909561864244 0.0 -0.0011692116435753352 -0.0001321198808720819 -0.002507022110461978 1.0629017678805022 -0.04143946834055857  
-0.03071413976851336 -0.020087909561864244 0.0 -0.0011692116435753352 -0.0001321198808720819 -0.002507022110461978 1.0733518209364012 -0.04143946834055857  
-0.03071413976851336 -0.020087909561864244 0.0 -0.0011692116435753352 -0.0001321198808720819 -0.002507022110461978 1.0838018739923003 -0.04143946834055857  
-0.03071413976851336 -0.020087909561864244 0.0 -0.0011692116435753352 -0.0001321198808720819 -0.002507022110461978 38.41139138966401 24.131583730317693  
-0.03071413976851336 -0.020087909561864244 0.0 40.92123831349315 -0.0001321198808720819 -0.002507022110461978 -1.3615105410880974 -0.04143946834055857  
7.932210985401773 -0.020087909561864244 0.0 -0.0011692116435753352 -0.0001321198808720819 -0.002507022110461978 -1.257010010529106 -0.04143946834055857  
-0.03071413976851336 -0.020087909561864244 0.0 -0.0011692116435753352 -0.0001321198808720819 -0.002507022110461978 -1.2256598513614088 -0.04143946834055857  
-0.03071413976851336 -0.020087909561864244 0.0 -0.0011692116435753352 -0.0001321198808720819 -0.002507022110461978 -1.1943096921937113 -0.04143946834055857  
-0.03071413976851336 -0.020087909561864244 0.0 -0.0011692116435753352 -0.0001321198808720819 0.176110329271053 -0.7867576230136449 -0.04143946834055857  
-0.03071413976851336 -0.020087909561864244 0.0 4.0910715408700975 -13.641509819923325 -5.338700394633221 0.7703002823153263 -0.04143946834055857  
-0.03071413976851336 -0.020087909561864244 0.0 -0.0011692116435753352 -0.0001321198808720819 0.07563806911895082 1.0420016617687038 -0.04143946834055857  
-0.03071413976851336 -0.020087909561864244 0.0 -0.0011692116435753352 -0.0001321198808720819 0.03098373127357208 0.8748008128743177 -0.04143946834055857  
-0.03071413976851336 -0.020087909561864244 0.0 4.0910715408700975 -13.641509819923325 -4.5795766512617835 0.21644747035267206 -0.04143946834055857  
-0.03071413976851336 -0.020087909561864244 0.0 4.0910715408700975 -13.641509819923325 -4.3339777931122 0.749400176203528 -0.04143946834055857  
-0.03071413976851336 -0.020087909561864244 0.0 -0.0011692116435753352 -8.32368461482203 -4.702376080336575 0.6448996456445366 -0.04143946834055857  
-0.03071413976851336 -0.020087909561864244 0.0 -0.0011692116435753352 -0.0001321198808720819 -0.002507022110461978 -0.43145581911307435 -0.04143946834055857  
-0.03071413976851336 -0.020087909561864244 0.0 -0.0011692116435753352 -3.0058594097207347 -5.896879617700455 -1.173409586081913 -0.04143946834055857  
-0.03071413976851336 -0.020087909561864244 0.0 -0.0011692116435753352 -3.0058594097207347 -6.008515462313903 -1.173409586081913 -0.04143946834055857  
-0.03071413976851336 -0.020087909561864244 0.0 -0.0011692116435753352 -8.32368461482203 -5.294046056787843 0.6448996456445366 -0.04143946834055857  
-0.03071413976851336 -0.020087909561864244 0.0 -0.0011692116435753352 -8.32368461482203 -5.23822813448112 1.136052139271796 -0.04143946834055857  
-0.03071413976851336 -0.020087909561864244 0.0 -0.0011692116435753352 -0.0001321198808720819 0.10912882250298488 0.028346515346487626 -0.04143946834055857  
-0.03071413976851336 -0.020087909561864244 0.0 -0.0011692116435753352 -0.0001321198808720819 -0.002507022110461978 0.46724874369425135 -0.04143946834055857  
-0.03071413976851336 -0.020087909561864244 0.0 -0.0011692116435753352 -10.866992321609606 -3.7534714011222765 -0.9539584719080312 -0.04143946834055857  
-0.03071413976851336 -0.020087909561864244 0.0 -0.0011692116435753352 -0.0001321198808720819 -0.002507022110461978 -1.3824106471998958 -0.04143946834055857  
-0.03071413976851336 -0.020087909561864244 0.0 -0.0011692116435753352 -0.0001321198808720819 -0.002507022110461978 -1.3719605941439965 -0.04143946834055857  
-0.03071413976851336 -0.020087909561864244 0.0 -0.0011692116435753352 -0.0001321198808720819 -0.002507022110461978 -0.6404568802310571 -0.04143946834055857  
-0.03071413976851336 -0.020087909561864244 0.0 -0.0011692116435753352 -0.0001321198808720819 -0.002507022110461978 -1.0375588963552242 -0.04143946834055857  
-0.03071413976851336 -0.020087909561864244 0.0 -0.0011692116435753352 -3.0058594097207347 -7.482108611211401 -1.1838596391378122 -0.04143946834055857  
-0.03071413976851336 -0.020087909561864244 0.0 -0.0011692116435753352 -10.635782530083462 -8.140760094430737 1.0315516087128047 -0.04143946834055857  
