-0.03071413976851336 -0.020087909561864244 0.0 -0.0011692116435753352 -0.0001321198808720819 -0.002507022110461978 1.0420016617687038 -0.04143946834055857  
-0.03071413976851336 -0.020087909561864244 0.0 -0.0011692116435753352 -0.0001321198808720819 -0.002507022110461978 1.0524517148246029 -0.04143946834055857  
-0.03071413976851336 -0.020087909561864244 0.0 -0.0011692116435753352 -0.0001321198808720819 -0.002507022110461978 -1.2047597452496104 -0.04143946834055857  
-0.03071413976851336 -0.020087909561864244 0.0 -0.0011692116435753352 -0.0001321198808720819 -0.002507022110461978 -1.1838596391378122 -0.04143946834055857  
-0.03071413976851336 -0.020087909561864244 0.0 -0.0011692116435753352 -0.0001321198808720819 -0.002507022110461978 0.43589858452655394 24.131583730317693  
-0.03071413976851336 -0.020087909561864244 0.0 -0.0011692116435753352 -0.0001321198808720819 -0.002507022110461978 0.5403991150855453 24.131583730317693  
-0.03071413976851336 -0.020087909561864244 0.0 -0.0011692116435753352 -0.0001321198808720819 -0.002507022110461978 -1.1525094799701148 24.131583730317693  
-0.03071413976851336 -0.020087909561864244 0.0 -0.0011692116435753352 -10.866992321609606 -2.4026776812995694 -0.23290481105099076 -0.04143946834055857  
-0.03071413976851336 -0.020087909561864244 0.0 -0.0011692116435753352 10.866728081847862 2.3976636370786455 -0.4419058721689735 -0.04143946834055857  
-0.03071413976851336 -0.020087909561864244 0.0 -0.0011692116435753352 -0.0001321198808720819 -0.002507022110461978 -0.4105557130012761 -0.04143946834055857  
-0.03071413976851336 -0.020087909561864244 0.0 -0.0011692116435753352 -0.0001321198808720819 -0.002507022110461978 0.4463486375824531 -0.04143946834055857  
-0.03071413976851336 -0.020087909561864244 0.0 -0.0011692116435753352 -0.0001321198808720819 0.176110329271053 -0.5673065088397631 -0.04143946834055857  
-0.03071413976851336 -0.020087909561864244 0.0 -0.0011692116435753352 -0.0001321198808720819 -0.002507022110461978 -0.556856455783864 -0.04143946834055857  
-0.03071413976851336 -0.020087909561864244 0.0 -0.0011692116435753352 -0.0001321198808720819 -0.002507022110461978 0.3836483192470582 -0.04143946834055857  
-0.03071413976851336 -0.020087909561864244 0.0 -0.0011692116435753352 -0.0001321198808720819 -0.002507022110461978 -0.5673065088397631 -0.04143946834055857  
-0.03071413976851336 -0.020087909561864244 0.0 -0.0011692116435753352 -0.0001321198808720819 -0.002507022110461978 -0.5673065088397631 -0.04143946834055857  
-0.03071413976851336 -0.020087909561864244 0.0 -0.0011692116435753352 -0.0001321198808720819 0.1649467448097083 0.39409837230295736 -0.04143946834055857  
-0.03071413976851336 -0.020087909561864244 0.0 -0.0011692116435753352 -0.0001321198808720819 -0.002507022110461978 -0.17020449271559596 -0.04143946834055857  
-0.03071413976851336 -0.020087909561864244 0.0 -0.0011692116435753352 -10.635782530083462 -4.9591385229475025 -0.9748585780198294 -0.04143946834055857  
-0.03071413976851336 -0.020087909561864244 0.0 -0.0011692116435753352 -0.0001321198808720819 0.10912882250298488 -0.5464064027279648 -0.04143946834055857  
-0.03071413976851336 -0.020087909561864244 0.0 -0.0011692116435753352 -0.0001321198808720819 -0.002507022110461978 -0.5359563496720657 -0.04143946834055857  
-0.03071413976851336 -0.020087909561864244 0.0 -0.0011692116435753352 -0.0001321198808720819 -0.002507022110461978 0.43589858452655394 -0.04143946834055857  
-0.03071413976851336 -0.020087909561864244 0.0 -0.0011692116435753352 -0.0001321198808720819 -0.002507022110461978 0.43589858452655394 -0.04143946834055857  
-0.03071413976851336 -0.020087909561864244 0.0 -0.0011692116435753352 -0.0001321198808720819 -0.002507022110461978 0.4463486375824531 -0.04143946834055857  
-0.03071413976851336 -0.020087909561864244 0.0 -0.0011692116435753352 -10.635782530083462 -5.182410212174396 -1.0062087371875268 -0.04143946834055857  
