-0.03071413976851336 -0.020087909561864244 0.0 -0.0011692116435753352 -0.0001321198808720819 -0.002507022110461978 0.3731982661911591 -0.04143946834055857  
-0.03071413976851336 -0.020087909561864244 0.0 -0.0011692116435753352 -0.0001321198808720819 -0.002507022110461978 0.4463486375824531 -0.04143946834055857  
-0.03071413976851336 -0.020087909561864244 0.0 -0.0011692116435753352 -0.0001321198808720819 -0.002507022110461978 0.4567986906383522 -0.04143946834055857  
-0.03071413976851336 -0.020087909561864244 0.0 -0.0011692116435753352 -0.0001321198808720819 -0.002507022110461978 0.46724874369425135 -0.04143946834055857  
-0.03071413976851336 -0.020087909561864244 0.0 -0.0011692116435753352 -0.0001321198808720819 -0.002507022110461978 0.5299490620296462 -0.04143946834055857  
-0.03071413976851336 -0.020087909561864244 0.0 -0.0011692116435753352 -0.0001321198808720819 -0.002507022110461978 0.5508491681414445 -0.04143946834055857  
-0.03071413976851336 -0.020087909561864244 0.0 -0.0011692116435753352 -0.0001321198808720819 -0.002507022110461978 0.5821993273091418 -0.04143946834055857  
-0.03071413976851336 -0.020087909561864244 0.0 -0.0011692116435753352 -0.0001321198808720819 -0.002507022110461978 0.6135494864768393 -0.04143946834055857  
-0.03071413976851336 -0.020087909561864244 0.0 -0.0011692116435753352 -0.0001321198808720819 -0.002507022110461978 0.6344495925886375 -0.04143946834055857  
-0.03071413976851336 -0.020087909561864244 0.0 -0.0011692116435753352 -0.0001321198808720819 -0.002507022110461978 0.6553496987004358 -0.04143946834055857  
-0.03071413976851336 -0.020087909561864244 0.0 -0.0011692116435753352 -0.0001321198808720819 -0.002507022110461978 0.6762498048122341 -0.04143946834055857  
-0.03071413976851336 -0.020087909561864244 0.0 -0.0011692116435753352 -0.0001321198808720819 -0.002507022110461978 0.7180500170358306 -0.04143946834055857  
-0.03071413976851336 -0.020087909561864244 0.0 -0.0011692116435753352 -0.0001321198808720819 -0.002507022110461978 1.0002014495451073 -0.04143946834055857  
-0.03071413976851336 -0.020087909561864244 0.0 -0.0011692116435753352 -0.0001321198808720819 -0.002507022110461978 1.0733518209364012 -0.04143946834055857  
-0.03071413976851336 -0.020087909561864244 0.0 -0.0011692116435753352 -0.0001321198808720819 -0.002507022110461978 1.0838018739923003 -0.04143946834055857  
-0.03071413976851336 -0.020087909561864244 0.0 -0.0011692116435753352 -0.0001321198808720819 -0.002507022110461978 -1.340610434976299 -0.04143946834055857  
-0.03071413976851336 -0.020087909561864244 0.0 -0.0011692116435753352 -0.0001321198808720819 -0.002507022110461978 -1.2674600635850053 -0.04143946834055857  
-0.03071413976851336 -0.020087909561864244 0.0 -4.093409964157248 13.641245580161582 4.328963748891276 -1.246559957473207 -0.04143946834055857  
-0.03071413976851336 -0.020087909561864244 0.0 -0.0011692116435753352 -0.0001321198808720819 -0.002507022110461978 -1.0271088432993252 -0.04143946834055857  
-0.03071413976851336 -0.020087909561864244 0.0 -0.0011692116435753352 -0.0001321198808720819 0.176110329271053 -0.9539584719080312 -0.04143946834055857  
-0.03071413976851336 -0.020087909561864244 0.0 -0.0011692116435753352 -0.0001321198808720819 -0.002507022110461978 -0.943508418852132 -0.04143946834055857  
-0.03071413976851336 -0.020087909561864244 0.0 -0.0011692116435753352 -0.0001321198808720819 -0.002507022110461978 -0.9330583657962329 -0.04143946834055857  
-0.03071413976851336 -0.020087909561864244 0.0 -0.0011692116435753352 -0.0001321198808720819 -0.002507022110461978 -0.7345073577341493 -0.04143946834055857  
-0.03071413976851336 -0.020087909561864244 0.0 -0.0011692116435753352 -0.0001321198808720819 -0.002507022110461978 -0.7240573046782501 -0.04143946834055857  
-0.03071413976851336 -0.020087909561864244 0.0 -0.0011692116435753352 -0.0001321198808720819 -0.002507022110461978 -0.7031571985664519 -0.04143946834055857  
-0.03071413976851336 -0.020087909561864244 0.0 -0.0011692116435753352 -0.0001321198808720819 -0.002507022110461978 -0.6822570924546536 -0.04143946834055857  
-0.03071413976851336 -0.020087909561864244 0.0 -0.0011692116435753352 -0.0001321198808720819 -0.002507022110461978 -0.6404568802310571 -0.04143946834055857  
-0.03071413976851336 -0.020087909561864244 0.0 -0.0011692116435753352 -0.0001321198808720819 -0.002507022110461978 -0.6195567741192588 -0.04143946834055857  
-0.03071413976851336 -0.020087909561864244 0.0 -0.0011692116435753352 -0.0001321198808720819 -0.002507022110461978 -0.5986566680074605 -0.04143946834055857  
-0.03071413976851336 -0.020087909561864244 0.0 -0.0011692116435753352 -0.0001321198808720819 -0.002507022110461978 -0.5777565618956623 -0.04143946834055857  
-0.03071413976851336 -0.020087909561864244 0.0 -0.0011692116435753352 -0.0001321198808720819 -0.002507022110461978 -0.2956051293863856 -0.04143946834055857  
-0.03071413976851336 -0.020087909561864244 0.0 -0.0011692116435753352 -0.0001321198808720819 -0.002507022110461978 -0.2851550763304864 -0.04143946834055857  
-0.03071413976851336 -0.020087909561864244 0.0 -0.0011692116435753352 -0.0001321198808720819 -0.002507022110461978 -0.26425497021868816 -0.04143946834055857  
-0.03071413976851336 -0.020087909561864244 0.0 -0.0011692116435753352 -0.0001321198808720819 -0.002507022110461978 -0.24335486410688992 -0.04143946834055857  
-0.03071413976851336 -0.020087909561864244 0.0 -0.0011692116435753352 -0.0001321198808720819 -0.002507022110461978 -0.20155465188329336 -0.04143946834055857  
-0.03071413976851336 -0.020087909561864244 0.0 -0.0011692116435753352 -0.0001321198808720819 -0.002507022110461978 -0.1806545457714951 -0.04143946834055857  
-0.03071413976851336 -0.020087909561864244 0.0 -0.0011692116435753352 -0.0001321198808720819 -0.002507022110461978 -0.15975443965969682 -0.04143946834055857  
-0.03071413976851336 -0.020087909561864244 0.0 -0.0011692116435753352 -0.0001321198808720819 -0.002507022110461978 -0.13885433354789856 -0.04143946834055857  
-0.03071413976851336 -0.020087909561864244 0.0 -0.0011692116435753352 -0.0001321198808720819 -0.002507022110461978 0.10149688673778158 -0.04143946834055857  
-0.03071413976851336 -0.020087909561864244 0.0 -0.0011692116435753352 -0.0001321198808720819 -0.002507022110461978 0.14329709896137813 -0.04143946834055857  
-0.03071413976851336 -0.020087909561864244 0.0 -0.0011692116435753352 -0.0001321198808720819 -0.002507022110461978 0.15374715201727726 -0.04143946834055857  
-0.03071413976851336 -0.020087909561864244 0.0 -0.0011692116435753352 -0.0001321198808720819 -0.002507022110461978 0.17464725812907553 -0.04143946834055857  
-0.03071413976851336 -0.020087909561864244 0.0 -0.0011692116435753352 -0.0001321198808720819 -0.002507022110461978 0.1955473642408738 -0.04143946834055857  
-0.03071413976851336 -0.020087909561864244 0.0 -0.0011692116435753352 -0.0001321198808720819 -0.002507022110461978 0.23734757646447036 -0.04143946834055857  
-0.03071413976851336 -0.020087909561864244 0.0 -0.0011692116435753352 -0.0001321198808720819 -0.002507022110461978 0.2582476825762686 -0.04143946834055857  
-0.03071413976851336 -0.020087909561864244 0.0 -0.0011692116435753352 -0.0001321198808720819 -0.002507022110461978 0.2791477886880669 -0.04143946834055857  
-0.03071413976851336 -0.020087909561864244 0.0 -0.0011692116435753352 -0.0001321198808720819 -0.002507022110461978 0.30004789479986516 -0.04143946834055857  
-0.03071413976851336 -0.020087909561864244 0.0 -0.0011692116435753352 -0.0001321198808720819 -0.002507022110461978 0.3418481070234617 -0.04143946834055857  
-0.03071413976851336 -0.020087909561864244 0.0 -0.0011692116435753352 -0.0001321198808720819 -0.002507022110461978 0.3522981600793608 -0.04143946834055857  
-0.03071413976851336 -0.020087909561864244 0.0 -0.0011692116435753352 -0.0001321198808720819 -0.002507022110461978 0.5821993273091418 -0.04143946834055857  
-0.03071413976851336 -0.020087909561864244 0.0 -0.0011692116435753352 -0.0001321198808720819 -0.002507022110461978 0.6239995395327383 -0.04143946834055857  
-0.03071413976851336 -0.020087909561864244 0.0 -0.0011692116435753352 -0.0001321198808720819 -0.002507022110461978 0.6344495925886375 -0.04143946834055857  
-0.03071413976851336 -0.020087909561864244 0.0 -0.0011692116435753352 -0.0001321198808720819 -0.002507022110461978 0.6553496987004358 -0.04143946834055857  
-0.03071413976851336 -0.020087909561864244 0.0 -0.0011692116435753352 -0.0001321198808720819 -0.002507022110461978 0.6762498048122341 -0.04143946834055857  
-0.03071413976851336 -0.020087909561864244 0.0 -0.0011692116435753352 -0.0001321198808720819 -0.002507022110461978 0.6971499109240323 -0.04143946834055857  
-0.03071413976851336 -0.020087909561864244 0.0 -0.0011692116435753352 -0.0001321198808720819 -0.002507022110461978 0.7180500170358306 -0.04143946834055857  
-0.03071413976851336 -0.020087909561864244 0.0 -0.0011692116435753352 -0.0001321198808720819 -0.002507022110461978 0.7389501231476289 -0.04143946834055857  
-0.03071413976851336 -0.020087909561864244 0.0 -0.0011692116435753352 -0.0001321198808720819 -0.002507022110461978 0.9166010250979142 -0.04143946834055857  
-0.03071413976851336 -0.020087909561864244 0.0 -0.0011692116435753352 -0.0001321198808720819 -0.002507022110461978 0.9375011312097125 -0.04143946834055857  
-0.03071413976851336 -0.020087909561864244 0.0 -0.0011692116435753352 -0.0001321198808720819 -0.002507022110461978 0.9584012373215107 -0.04143946834055857  
-0.03071413976851336 -0.020087909561864244 0.0 -0.0011692116435753352 -0.0001321198808720819 -0.002507022110461978 0.9688512903774098 -0.04143946834055857  
-0.03071413976851336 -0.020087909561864244 0.0 -0.0011692116435753352 -0.0001321198808720819 -0.002507022110461978 0.9897513964892081 -0.04143946834055857  
-0.03071413976851336 -0.020087909561864244 0.0 -0.0011692116435753352 -0.0001321198808720819 -0.002507022110461978 1.0106515026010063 -0.04143946834055857  
-0.03071413976851336 -0.020087909561864244 0.0 -0.0011692116435753352 -0.0001321198808720819 -0.002507022110461978 1.0315516087128047 -0.04143946834055857  
-0.03071413976851336 -0.020087909561864244 0.0 -0.0011692116435753352 -0.0001321198808720819 -0.002507022110461978 1.0524517148246029 -0.04143946834055857  
-0.03071413976851336 -0.020087909561864244 0.0 -0.0011692116435753352 -0.0001321198808720819 -0.002507022110461978 1.0733518209364012 -0.04143946834055857  
-0.03071413976851336 -0.020087909561864244 0.0 -0.0011692116435753352 -0.0001321198808720819 -0.002507022110461978 1.0942519270481994 -0.04143946834055857  
-0.03071413976851336 -0.020087909561864244 0.0 -0.0011692116435753352 -0.0001321198808720819 -0.002507022110461978 1.1151520331599978 -0.04143946834055857  
-0.03071413976851336 -0.020087909561864244 0.0 -0.0011692116435753352 -0.0001321198808720819 -0.002507022110461978 1.136052139271796 -0.04143946834055857  
-0.03071413976851336 -0.020087909561864244 0.0 -0.0011692116435753352 -0.0001321198808720819 -0.002507022110461978 1.1569522453835943 -0.04143946834055857  
-0.03071413976851336 -0.020087909561864244 0.0 -0.0011692116435753352 -0.0001321198808720819 -0.002507022110461978 1.1674022984394934 -0.04143946834055857  
-0.03071413976851336 -0.020087909561864244 0.0 -0.0011692116435753352 -0.0001321198808720819 -0.002507022110461978 -1.3301603819204 -0.04143946834055857  
-0.03071413976851336 -0.020087909561864244 0.0 -0.0011692116435753352 10.63551829032172 4.954124478726579 -1.3092602758086018 -0.04143946834055857  
-0.03071413976851336 -0.020087909561864244 0.0 -0.0011692116435753352 -0.0001321198808720819 -0.002507022110461978 -1.2988102227527025 -0.04143946834055857  
-0.03071413976851336 -0.020087909561864244 0.0 -0.0011692116435753352 -0.0001321198808720819 -0.002507022110461978 -1.2779101166409044 -0.04143946834055857  
-0.03071413976851336 -0.020087909561864244 0.0 -0.0011692116435753352 -0.0001321198808720819 -0.002507022110461978 -1.257010010529106 -0.04143946834055857  
-0.03071413976851336 -0.020087909561864244 0.0 -0.0011692116435753352 -0.0001321198808720819 -0.002507022110461978 -1.2361099044173078 -0.04143946834055857  
-0.03071413976851336 -0.020087909561864244 0.0 -0.0011692116435753352 -0.0001321198808720819 -0.002507022110461978 -1.2152097983055095 -0.04143946834055857  
-0.03071413976851336 -0.020087909561864244 0.0 -0.0011692116435753352 -0.0001321198808720819 0.10912882250298488 -1.1943096921937113 -0.04143946834055857  
-0.03071413976851336 -0.020087909561864244 0.0 -0.0011692116435753352 -0.0001321198808720819 -0.002507022110461978 -1.173409586081913 -0.04143946834055857  
-0.03071413976851336 -0.020087909561864244 0.0 -0.0011692116435753352 -0.0001321198808720819 -0.002507022110461978 -1.1525094799701148 -0.04143946834055857  
-0.03071413976851336 -0.020087909561864244 0.0 -0.0011692116435753352 -0.0001321198808720819 -0.002507022110461978 -1.1107092677465182 -0.04143946834055857  
-0.03071413976851336 -0.020087909561864244 0.0 -0.0011692116435753352 -0.0001321198808720819 -0.002507022110461978 -1.100259214690619 -0.04143946834055857  
-0.03071413976851336 -0.020087909561864244 0.0 -0.0011692116435753352 -0.0001321198808720819 -0.002507022110461978 -0.9748585780198294 -0.04143946834055857  
-0.03071413976851336 -0.020087909561864244 0.0 -0.0011692116435753352 -0.0001321198808720819 -0.002507022110461978 -0.9539584719080312 -0.04143946834055857  
-0.03071413976851336 -0.020087909561864244 0.0 -0.0011692116435753352 -0.0001321198808720819 -0.002507022110461978 -0.943508418852132 -0.04143946834055857  
-0.03071413976851336 -0.020087909561864244 0.0 -0.0011692116435753352 -0.0001321198808720819 -0.002507022110461978 -0.9226083127403337 -0.04143946834055857  
-0.03071413976851336 -0.020087909561864244 0.0 -0.0011692116435753352 3.005595169958991 7.477094566990478 -0.9017082066285355 -0.04143946834055857  
-0.03071413976851336 -0.020087909561864244 0.0 -0.0011692116435753352 10.63551829032172 5.177396167953472 -0.8808081005167372 -0.04143946834055857  
-0.03071413976851336 -0.020087909561864244 0.0 -0.0011692116435753352 -0.0001321198808720819 -0.002507022110461978 -0.8599079944049389 -0.04143946834055857  
-0.03071413976851336 -0.020087909561864244 0.0 -0.0011692116435753352 -0.0001321198808720819 -0.002507022110461978 -0.8390078882931407 -0.04143946834055857  
-0.03071413976851336 -0.020087909561864244 0.0 -0.0011692116435753352 -0.0001321198808720819 -0.002507022110461978 -0.8181077821813424 -0.04143946834055857  
-0.03071413976851336 -0.020087909561864244 0.0 -0.0011692116435753352 -0.0001321198808720819 -0.002507022110461978 -0.7972076760695441 -0.04143946834055857  
