-0.03071413976851336 -0.020087909561864244 0.0 -0.0011692116435753352 -0.0001321198808720819 -0.002507022110461978 0.749400176203528 -0.04143946834055857  
-0.03071413976851336 -0.020087909561864244 0.0 -0.0011692116435753352 -0.0001321198808720819 -0.002507022110461978 0.8330006006507211 -0.04143946834055857  
-0.03071413976851336 -0.020087909561864244 0.0 -0.0011692116435753352 -0.0001321198808720819 -0.002507022110461978 0.8434506537066202 -0.04143946834055857  
-0.03071413976851336 -0.020087909561864244 0.0 -0.0011692116435753352 -0.0001321198808720819 -0.002507022110461978 0.8539007067625194 -0.04143946834055857  
-0.03071413976851336 -0.020087909561864244 0.0 -0.0011692116435753352 -0.0001321198808720819 -0.002507022110461978 1.136052139271796 -0.04143946834055857  
-0.03071413976851336 -0.020087909561864244 0.0 -0.0011692116435753352 -0.0001321198808720819 -0.002507022110461978 1.1778523514953925 -0.04143946834055857  
-0.03071413976851336 -0.020087909561864244 0.0 -0.0011692116435753352 -0.0001321198808720819 -0.002507022110461978 1.1883024045512918 -0.04143946834055857  
-0.03071413976851336 -0.020087909561864244 0.0 -0.0011692116435753352 -0.0001321198808720819 -0.002507022110461978 1.20920251066309 -0.04143946834055857  
-0.03071413976851336 -0.020087909561864244 0.0 -0.0011692116435753352 -0.0001321198808720819 -0.002507022110461978 1.2301026167748883 -0.04143946834055857  
-0.03071413976851336 -0.020087909561864244 0.0 -0.0011692116435753352 -0.0001321198808720819 -0.002507022110461978 1.2510027228866865 -0.04143946834055857  
-0.03071413976851336 -0.020087909561864244 0.0 -0.0011692116435753352 -0.0001321198808720819 -0.002507022110461978 1.2719028289984848 -0.04143946834055857  
-0.03071413976851336 -0.020087909561864244 0.0 -0.0011692116435753352 -0.0001321198808720819 -0.002507022110461978 -1.3719605941439965 -0.04143946834055857  
-0.03071413976851336 -0.020087909561864244 0.0 -0.0011692116435753352 -0.0001321198808720819 -0.002507022110461978 -1.3301603819204 -0.04143946834055857  
-0.03071413976851336 -0.020087909561864244 0.0 -0.0011692116435753352 -0.0001321198808720819 -0.002507022110461978 -1.319710328864501 -0.04143946834055857  
-0.03071413976851336 -0.020087909561864244 0.0 -0.0011692116435753352 -0.0001321198808720819 -0.002507022110461978 -1.2988102227527025 -0.04143946834055857  
-0.03071413976851336 -0.020087909561864244 0.0 -0.0011692116435753352 -0.0001321198808720819 -0.002507022110461978 -1.2779101166409044 -0.04143946834055857  
-0.03071413976851336 -0.020087909561864244 0.0 -0.0011692116435753352 -0.0001321198808720819 -0.002507022110461978 0.592649380365041 24.131583730317693  
-0.03071413976851336 -0.020087909561864244 0.0 -0.0011692116435753352 -0.0001321198808720819 -1.1188654682449304 0.6971499109240323 -0.04143946834055857  
-0.03071413976851336 -0.020087909561864244 0.0 -0.0011692116435753352 -0.0001321198808720819 -0.002507022110461978 -0.556856455783864 -0.04143946834055857  
-0.03071413976851336 -0.020087909561864244 0.0 -0.0011692116435753352 -0.0001321198808720819 -0.002507022110461978 0.289597841743966 -0.04143946834055857  
