2 3 4 4 3 4 3 4 4 2
3 4 4 4 5 5 5 6 7 8
9 7 9 10 11 12 3 4 4 2
3 4 4 13 13 13 13 13 13 13
13 13 13 13 13 13 13 13 13 5
14 5 15 5 16 5 5 17 5 5
5 5 5 5 13 13 13 13 13 13
18 13 19 20 13 14 21 22 23 24
24 24 25 25 25 25 3 4 4 2
3 25 2 3 4 4 4 4 25 3
4 25 25 4 25 25 25 26 26 26
5 5 5 6 7 8 9 7 10 9
11 27 28 2 3 4 4 3 4 4
29 29 29 29 30 30 31 32 33 34
5 5 5 5 17 5 13 13 35 13
36 37 29 38 39 40 41 14 14 14
42 13 13 13 13 13 13 18 13 13
13 13 13 13 13 18 13 43 24 24
23 21 22 24 14 44 23 45 46 5
2 3 4 4 3 4 3 4 4 2
3 4 4 4 5 5 5 5 29 24
6 7 8 9 7 10 29 29 29 29
29 29 29 29 29 29 9 11 37 29
29 29 29 29 29 29 29 29 29 29
29 29 13 13 13 13 29 29 29 29
29 29 29 29 13 13 13 13 13 13
13 13 13 13 24 24 24 13 3 4
4 24 18 2 3 18 5 47 4 4
24 18 18 13 13 47 14 24 24 13
13 35 13 36 13 13 24 5 24 18
18 47 24 18 13 13 18 37 29 38
39 40 41 47 24 13 24 5 24 24
18 18 5 47 5 13 13 24 5 18
5 18 47 14 5 17 5 13 13 13
13 13 13 18 13 5 13 13 13 13
13 13 18 13 24 23 21 22 24 24
5 14 5 5 5 17 13 17 48 17
13 13 24 24 5 3 4 4 2 3
2 18 13 18 3 4 4 4 4 3
4 47 24 4 13 24 13 13 24 24
18 13 13 18 13 47 14 24 24 24
5 18 5 18 5 13 13 47 24 13
18 18 47 6 7 7 10 8 9 9
11 13 13 13 13 13 24 49 5 2
3 4 4 18 17 13 18 5 3 4
14 47 24 4 24 13 13 13 18 18
47 24 24 13 13 24 13 24 24 24
24 24 24 5 24 5 24 5 24 24
24 24 24 24 24 24 24 24 24 24
24 24 24 5 24 17 24 5 13 13
24 13 13 13 13 37 29 38 39 40
41 13 13 18 13 13 13 13 13 13
13 18 13 13 13 35 13 36 13 24
5 24 24 24 18 18 47 18 18 47
50 17 13 24 24 24 24 13 13 24
24 5 24 24 24 24 18 18 47 27
28 17 27 28 13 24 24 24 51 52
53 24 24 13 13 13 24 24 29 24
24 24 13 29 29 23 22 21 13 13
24 24 18 29 29 24 18 47 29 29
29 29 29 29 29 29 29 29 29 29
29 29 29 29 29 29 29 29 29 29
29 2 3 4 4 3 54 3 4 4
2 3 4 4 4 25 25 25 25 5
25 5 25 5 25 25 25 6 7 8
9 7 25 9 11 10 25 26 26 26
55 3 4 4 2 3 4 4 5 5
5 5 17 5 13 13 13 13 13 13
18 13 13 13 13 13 13 13 18 13
5 5 17 5 5 5 5 5 56 57
58 14 59 24 24 24 22 23 21 3
4 4 2 3 2 3 4 4 4 4
3 4 4 5 5 5 6 7 8 9
7 10 9 11 13 13 13 13 13 2
37 29 38 39 40 41 13 18 13 13
13 35 3 4 4 3 13 36 13 4
4 5 5 15 5 14 5 17 5 13
13 13 13 13 13 18 13 5 5 5
19 20 13 14 24 24 22 21 23 24
2 3 4 4 3 4 3 4 4 2
3 4 4 4 5 5 5 6 7 8
9 7 9 11 10 27 28 13 13 13
13 13 2 3 3 4 4 37 29 38
39 40 41 13 18 13 13 13 4 4
13 13 13 13 18 13 13 13 13 13
13 13 18 13 29 13 13 13 13 13
29 29 29 13 18 13 13 13 35 13
36 13 30 30 31 32 33 34 5 5
5 5 17 5 13 13 13 13 13 37
29 38 39 40 41 13 18 13 13 13
35 13 36 14 14 14 42 43 24 24
22 21 23 24 14 44 5 23 45 46
2 3 4 4 2 3 4 3 4 4
3 4 4 4 5 5 5 6 7 8
9 9 11 7 10 25 25 13 60 61
62 62 25 25 25 3 4 4 62 62
25 25 13 13 13 13 2 3 13 13
18 13 13 13 4 4 25 13 13 13
13 18 13 25 25 14 25 26 26 26
5 5 5 14 5 17 5 24 23 24
24 22 21 13 13 13 13 13 13 18
13 14 13 13 13 13 13 13 18 13
13 13 3 4 4 13 13 13 13 18
13 2 3 2 3 4 4 4 4 3
4 4 14 5 5 5 6 7 8 9
7 10 9 11 2 3 4 4 14 3
4 4 5 5 5 5 17 5 50 27
28 27 28 24 23 22 21 24 24 13
13 13 13 13 13 18 13 2 3 4
4 63 4 3 4 4 2 3 4 4
4 5 5 5 6 7 8 9 7 10
9 11 55 3 4 4 2 3 4 4
5 5 5 5 17 5 59 14 64 65
66 23 22 21 24 24 24 13 13 13
13 13 13 18 13 13 13 3 4 4
2 3 13 13 13 13 18 13 3 4
4 2 4 4 3 4 4 5 5 5
6 7 8 9 7 10 9 11 12 3
4 4 2 3 4 13 13 13 13 13
4 13 18 13 13 13 13 13 13 13
13 13 13 13 13 13 13 13 13 25
13 25 25 25 25 5 25 5 25 15
5 25 14 25 25 25 26 26 26 5
17 5 5 5 17 5 5 5 5 5
5 5 5 13 13 13 13 13 13 18
13 5 5 19 20 14 24 22 23 21
24 24 13 13 13 13 13 13 13 18
13 67 2 3 4 4 3 4 4 3
4 2 3 4 4 4 5 5 5 6
7 8 9 7 10 9 11 27 28 3
4 4 2 3 4 4 37 29 38 13
13 35 13 36 39 40 41 13 29 30
30 31 32 33 34 29 29 29 5 5
5 5 17 5 14 14 14 42 13 13
35 13 37 29 38 39 40 41 36 43
24 24 24 22 23 21 13 13 13 13
13 13 18 13 14 44 5 23 45 46
13 13 13 13 13 13 18 13 3 4
4 2 3 3 4 4 2 4 4 3
4 4 5 5 5 6 7 8 9 7
9 11 10 3 4 4 2 3 4 13
13 35 13 36 37 29 38 39 40 41
4 13 14 5 5 5 14 5 17 5
13 13 13 23 22 21 24 24 24 13
13 13 13 13 13 18 13 14 3 4
4 2 3 4 4 3 4 2 3 4
4 4 14 5 5 5 6 7 8 9
7 10 9 11 14 3 4 4 2 3
4 4 5 5 5 25 25 25 25 25
5 25 17 25 5 25 25 25 25 26
26 26 13 13 13 13 13 13 18 13
50 13 13 13 13 13 13 18 13 13
13 27 28 13 13 13 13 18 13 13
13 13 13 13 13 18 13 27 28 51
52 68 24 24 23 21 22 24 3 4
4 2 3 2 3 4 4 4 4 3
4 4 5 5 5 6 7 8 9 7
10 9 11 55 2 3 4 4 3 4
4 13 13 35 13 36 37 29 38 39
40 41 13 5 5 5 5 17 5 13
13 13 13 13 13 18 13 13 13 13
13 13 13 18 13 56 57 69 14 59
24 23 22 21 24 24 2 3 4 4
3 3 4 4 2 3 4 4 4 4
5 5 5 6 7 8 9 7 10 9
11 3 4 4 2 3 4 4 13 13
35 13 36 37 29 38 39 40 41 13
13 13 13 13 13 13 18 13 5 5
14 5 15 5 17 5 13 13 13 13
13 13 18 13 13 13 13 13 13 13
18 13 13 13 13 13 13 13 18 13
70 13 24 13 24 5 13 35 24 24
24 19 20 13 14 24 22 21 23 24
24 2 13 13 13 13 13 3 4 4
2 3 4 4 3 4 13 18 13 3
4 4 4 5 5 5 6 7 8 9
7 10 9 11 27 28 2 3 4 4
3 4 4 13 13 13 13 13 13 18
13 29 29 30 30 31 32 33 34 29
29 5 5 5 5 17 5 25 25 5
5 25 17 25 25 5 5 25 25 25
5 5 25 5 25 25 26 26 26 14
14 14 42 5 5 5 13 13 13 13
13 13 18 13 43 23 24 24 22 21
24 14 44 23 45 46 5 2 3 4
4 37 29 38 39 40 41 3 13 13
35 13 3 4 4 2 3 4 4 36
4 4 5 5 5 6 7 8 9 7
10 9 11 13 71 72 2 3 3 4
4 4 4 73 14 13 13 13 13 13
13 18 13 13 13 13 13 13 13 18
13 5 5 5 13 13 13 13 13 74
13 13 35 24 24 24 40 24 75 40
40 40 29 29 38 38 29 38 38 29
14 38 38 51 29 38 29 38 75 13
13 13 29 29 29 29 13 13 13 13
24 5 13 13 13 40 39 40 41 35
13 13 13 13 13 13 13 24 17 39
40 41 41 40 39 64 24 5 24 5
17 13 29 37 29 38 37 29 38 5
24 13 13 13 23 45 46 46 45 76
37 29 38 13 13 13 35 13 77 77
78 79 77 80 81 81 81 80 80 46
76 46 46 46 46 76 76 13 13 13
17 24 13 5 82 83 84 83 84 83
85 85 86 86 86 86 86 86 86 86
86 86 86 86 86 86 86 86 86 86
86 86 86 86 86 86 86 86 86 86
86 86 86 86 85 86 85 85 85 85
85 86 86 86 86 86 86 86 86 86
86 86 86 86 86 86 86 86 86 86
86 86 86 86 86 86 85 86 85 85
85 85 86 86 86 86 86 86 86 86
86 80 80 81 81 81 81 81 81 80
81 81 81 23 87 88 78 76 23 23
89 90 91 92 93 93 93 94 95 24
13 84 82 83 84 82 83 86 86 86
86 86 86 86 86 86 86 86 86 86
86 86 86 86 86 86 86 86 86 86
86 86 86 86 86 86 86 86 86 86
86 86 86 86 86 86 86 86 86 86
86 86 86 86 86 86 86 86 86 86
86 86 86 86 86 86 86 85 86 85
85 85 85 85 85 85 85 80 81 81
81 81 96 81 81 81 80 80 81 88
18 46 97 46 46 88 78 76 70 19
13 13 84 82 82 83 84 86 86 86
86 86 86 86 86 86 86 86 86 86
86 86 86 86 86 86 86 86 86 86
86 86 86 86 86 86 86 86 86 86
86 86 86 86 86 86 86 86 86 86
86 86 86 86 86 86 86 86 86 86
86 86 86 86 86 86 86 86 86 86
86 86 86 86 86 85 86 85 85 86
86 86 81 81 81 81 81 81 81 81
80 80 80 81 23 23 46 76 76 98
76 19 19 13 13 86 86 86 86 86
86 86 86 86 86 86 86 86 86 86
86 86 86 86 86 86 86 86 86 86
86 86 86 86 86 86 86 86 86 86
86 86 86 86 86 86 86 86 86 86
86 86 86 86 86 86 86 86 86 86
86 86 86 86 86 86 86 86 86 86
85 86 85 85 85 85 85 81 81 80
81 81 81 81 81 80 81 81 81 23
98 45 46 46 28 88 70 19 13 13
13 35 86 86 86 86 86 86 86 86
86 86 86 86 86 86 86 86 86 86
86 86 86 86 86 86 86 86 86 86
86 86 86 86 86 86 86 86 86 86
86 86 86 86 86 86 86 86 86 86
81 81 81 81 81 81 81 81 81 81
80 81 81 76 46 28 46 76 23 46
48 17 17 13 13 35 13 13 13 13
86 86 86 86 86 86 86 86 86 86
86 86 86 86 86 86 86 86 86 86
85 86 85 85 86 86 86 86 86 86
86 86 86 86 86 86 86 86 86 86
86 86 86 86 86 86 86 86 86 86
86 81 81 81 81 81 77 81 77 77
99 23 28 28 46 46 98 76 70 100
35 13 13 13 13 13 13 35 86 86
86 86 86 86 86 86 86 86 86 86
86 86 86 86 86 86 86 86 86 86
86 86 86 86 86 86 86 86 86 86
86 86 86 86 86 86 86 86 86 85
86 85 85 85 85 85 99 77 101 101
23 98 46 46 98 46 40 40 41 70
100 13 13 35 13 13 35 13 13 86
86 86 86 86 86 86 86 86 86 86
86 86 86 86 86 86 86 86 86 86
86 86 86 86 86 86 86 86 86 86
86 86 86 86 86 86 86 86 86 86
86 86 86 86 86 86 86 99 99 77
80 81 81 81 77 81 77 102 45 46
46 46 46 46 41 41 41 39 40 40
40 19 94 13 13 13 13 86 86 86
86 86 86 86 86 86 86 86 86 86
86 86 86 86 86 86 86 85 86 85
85 86 86 86 86 86 86 86 86 86
86 86 86 86 86 86 86 86 86 86
86 86 86 86 86 86 86 86 77 99
77 77 99 46 102 46 46 46 76 40
37 29 38 38 37 29 94 94 13 13
13 13 86 86 86 86 86 86 86 86
86 86 86 86 86 86 86 86 86 86
86 86 86 86 86 86 86 86 86 86
86 86 86 86 86 86 86 86 86 86
86 86 86 85 86 85 85 85 85 85
77 80 81 81 81 80 96 81 80 80
80 81 81 38 39 40 38 29 29 38
94 94 13 13 13 13 81 81 81 81
80 81 81 81 80 81 81 81 86 86
86 86 86 86 86 86 86 86 86 86
86 86 86 86 86 86 86 86 86 86
86 86 86 86 86 86 86 86 86 86
86 86 86 86 86 86 86 86 86 86
86 86 86 86 86 86 38 41 41 40
29 38 70 19 13 13 13 24 24 81
96 81 81 81 80 80 81 81 81 81
81 86 86 86 86 86 86 86 86 86
86 86 86 86 86 86 86 86 86 86
86 85 86 85 85 86 86 86 86 86
86 86 86 86 86 86 86 86 86 86
86 86 86 86 86 86 86 86 86 86
86 86 38 29 39 64 38 38 51 29
70 103 24 24 13 13 81 81 81 81
80 80 80 81 81 81 80 81 86 86
86 86 86 86 86 86 86 86 86 86
86 86 86 86 86 86 86 86 86 86
86 86 86 86 86 86 86 86 86 86
86 86 86 86 86 86 86 86 86 85
86 85 85 85 86 85 86 85 37 29
38 38 29 29 38 37 94 70 13 13
13 13 18 13 13 81 81 81 81 80
81 81 81 81 81 81 81 81 85 85
85 85 86 86 86 86 86 86 86 86
86 86 86 86 85 86 85 85 85 85
85 86 86 86 86 86 86 86 86 86
86 86 86 86 86 86 86 86 86 86
86 86 86 86 86 86 86 29 38 38
29 29 38 37 29 19 94 24 24 24
24 24 24 24 81 81 81 81 81 81
81 81 77 81 99 77 86 86 86 86
86 86 86 86 86 86 86 86 86 85
86 85 85 85 86 85 86 85 85 85
85 85 85 86 85 86 85 85 85 85
85 85 86 85 86 85 85 85 85 38
38 29 29 38 29 29 104 19 24 24
77 77 79 77 80 81 81 81 80 80
81 105 106 107 108 109 110 19 19 81
81 81 81 81 77 81 77 77 19 19
99 77 99 77 80 81 81 81 39 40
41 41 40 39 64 94 94 80 80 80
81 81 81 81 81 81 80 81 81 39
40 41 41 40 39 94 70 5 81 81
81 81 81 81 77 81 77 77 64 40
40 41 41 41 41 70 70 40 40 41
41 41 41 40 70 70 40 41 41 41
41 70 70 41 41 40 40 40 40 40
70 70 40 40 40 40 40 40 40 70
70 39 40 41 41 40 70 70 40 39
40 41 39 40 70 70 41 39 40 41
39 40 41 41 70 70 40 39 64 39
40 41 41 70 70 40 39 64 39 40
41 39 70 70 40 41 39 40 41 39
40 41 70 70 39 40 41 39 40 41
40 40 70 70 41 41 41 41 40 40
70 70 41 41 41 41 40 40 70 70
41 41 41 41 40 40 41 70 19 41
41 41 40 40 40 70 70 24 24 21
23 22 40 40 40 40 40 40 40 29
19 70 24 40 40 41 40 111 41 40
41 41 70 94 23 98 102 45 46 39
41 40 111 41 70 70 98 45 76 70
70 70 70 70 19 13 13 13 13 13
13 70 94 13 13 40 41 41 70 94
40 19 94 70 94 14 94 94 70 94
94 94 70 94 94 94 70 94 94 70
94 94 94 70 94 94 70 94 94 70
94 94 70 94 94 2 3 3 4 4
13 2 3 4 4 70 94 4 4 13
35 13 35 3 4 94 94 37 29 38
38 29 37 13 13 13 13 13 4 70
94 29 38 29 29 38 13 18 13 13
13 13 94 70 29 39 40 41 39 40
41 13 13 13 35 13 94 94 39 40
41 13 13 13 14 70 94 13 13 13
70 94 13 13 94 70 13 13 13 13
94 70 35 35 13 13 70 70 35 13
5 5 5 6 70 70 7 8 9 7
10 9 11 70 70 70 70 70 70 70
70 70 70 2 14 3 4 4 70 94
3 4 94 94 4 94 94 94 94 13
13 13 94 94 37 29 38 39 40 41
13 13 36 13 94 94 35 13 35 13
13 94 94 13 13 13 94 94 13 13
13 94 94 13 13 13 13 94 94 13
35 35 94 94 13 13 35 13 5 94
94 5 5 94 94 94 94 94 94 5
94 94 17 5 94 94 94 94 94 19
19 94 48 94 48 94 48 19 19 94
13 13 13 112 48 37 29 38 39 40
41 13 13 13 13 18 13 13 94 19
13 13 13 36 19 94 13 35 13 35
13 48 19 13 13 13 70 70 13 13
13 70 103 13 13 70 70 13 13 35
35 70 70 13 13 35 13 70 70 50
70 70 70 70 70 17 70 17 70 70
70 70 70 17 17 17 17 70 70 19
27 28 13 112 113 37 29 38 13 13
13 13 94 94 39 40 41 36 13 35
70 70 13 35 13 13 94 19 13 13
13 94 19 13 13 13 70 94 13 13
13 94 95 35 35 13 13 19 94 35
13 70 94 70 114 27 70 19 28 19
19 94 19 70 19 24 94 94 21 23
22 24 24 70 19 77 101 94 94 104
95 70 19 19 19 13 70 95 13 13
13 13 19 70 36 13 35 70 70 37
29 38 38 29 29 38 13 13 13 13
13 70 114 29 38 37 29 38 38 29
13 13 13 13 13 35 13 13 13 114
70 29 38 37 29 38 38 29 13 35
13 13 35 13 13 35 70 70 29 38
37 29 38 38 29 13 13 35 13 13
13 13 70 70 29 38 39 40 41 39
40 13 13 87 13 13 13 13 87 70
70 41 39 40 41 39 40 41 13 13
13 87 13 70 70 39 40 41 39 40
41 39 13 13 87 35 13 35 70 70
40 41 39 40 41 39 40 13 13 70
70 41 114 114 114 114 114 114 114 114
114 114 114 114 114 114 114 114 2 114
114 3 4 4 3 4 114 114 3 4
4 2 3 4 114 114 4 4 114 114
73 114 114 114 114 114 114 5 114 114
5 5 114 114 114 114 114 114 6 7
8 9 7 10 9 11 114 114 95 19
55 94 94 95 70 70 70 114 70 3
4 4 70 70 2 3 70 70 4 4
70 70 70 70 70 70 70 70 70 70
5 5 115 70 5 70 70 114 114 114
114 114 114 114 114 114 114 114 114 5
114 114 17 5 114 114 114 114 114 114
114 114 114 114 114 114 114 114 114 114
114 114 114 114 114 114 114 114 25 114
114 25 25 25 95 70 25 17 70 25
70 19 25 25 112 94 25 94 25 70
25 26 26 26 70 70 70 70 59 14
70 70 115 70 70 70 114 114 114 114
114 95 114 114 70 114 70 114 114 114
114 114 70 114 114 114 114 114 114 114
114 114 114 114 70 114 64 116 117 114
70 114 70 114 70 24 21 70 114 23
22 24 24 114 114 114 114 114 114 114
114 114 114 114 114 95 70 19 118 112
94 94 115 94 94 94 94 94 94 94
94 115 94 70 94 115 94 70 94 115
70 114 114 114 114 114 114 114 114 114
114 114 114 3 4 4 2 3 4 4
114 114 2 3 4 114 114 3 4 4
114 114 4 114 114 114 114 114 114 114
114 5 5 114 114 5 114 114 114 114
114 114 12 6 7 8 9 7 10 9
11 114 114 119 12 120 121 122 123 114
114 114 114 95 19 112 94 2 94 115
3 4 4 3 4 124 4 13 13 13
13 13 13 18 13 13 13 13 13 13
13 13 13 13 13 13 13 13 13 13
14 13 13 13 13 13 13 13 13 13
13 13 125 13 13 13 13 13 13 13
13 13 13 13 13 13 13 15 5 5
5 5 17 5 5 13 13 13 13 13
13 18 13 125 5 19 125 13 20 14
24 22 23 21 24 24 5 125 125 2
3 4 4 3 4 3 4 4 2 3
4 4 4 5 5 5 125 6 7 8
9 7 10 9 11 27 28 2 3 4
4 3 4 125 4 13 13 13 13 13
13 18 13 13 13 13 29 29 13 13
13 13 13 13 13 13 29 29 13 13
13 13 13 13 13 13 13 13 30 30
31 32 33 34 5 5 5 5 17 5
13 13 13 13 13 13 18 13 13 13
13 5 14 5 5 5 5 17 5 14
14 5 42 43 5 13 5 5 13 13
13 13 36 13 13 13 37 29 38 38
29 29 38 13 13 13 13 37 29 38
38 29 29 38 13 13 13 13 37 29
38 38 29 29 38 13 13 13 13 37
29 38 38 29 29 38 13 13 13 35
13 13 13 37 29 38 37 29 35 13
13 13 35 13 13 13 38 37 29 38
37 35 13 13 13 13 35 13 29 38
39 40 41 39 40 35 13 35 13 35
41 39 40 41 39 40 41 13 13 13
13 13 13 13 39 40 41 39 40 41
39 13 13 13 13 13 13 35 35 40
41 39 40 41 39 40 13 24 41 39
40 41 39 40 21 24 24 41 39 40
41 23 22 14 44 5 23 45 46 3
4 4 2 2 13 13 13 13 13 3
4 3 4 4 3 4 13 18 13 13
13 4 4 13 13 13 13 18 13 5
5 5 6 7 8 9 7 10 9 11
3 4 4 2 3 14 4 4 13 13
13 13 13 37 29 38 39 40 41 13
18 13 13 13 35 13 36 13 5 5
5 14 5 17 5 13 13 13 13 13
37 29 38 39 40 41 13 18 13 13
13 35 13 36 25 25 25 25 25 25
25 25 25 25 25 26 26 26 24 21
24 24 23 22 13 13 13 13 13 13
18 13 14 3 4 4 2 3 3 4
4 2 3 4 4 13 13 13 13 13
4 4 13 18 13 14 5 5 5 6
7 8 9 7 10 9 11 14 2 3
4 4 3 4 4 37 29 38 13 13
35 13 36 39 40 41 13 13 13 13
13 13 13 18 13 5 5 5 5 17
5 50 27 28 27 28 51 126 127 24
24 23 22 21 24 3 4 4 2 2
3 4 3 4 4 3 4 4 13 13
13 13 13 4 13 18 13 5 5 5
6 7 8 9 7 9 11 10 55 128
3 4 4 2 3 4 4 5 5 5
5 17 5 56 57 129 14 59 24 23
22 21 24 24 3 4 4 2 3 3
4 4 2 3 4 4 13 13 13 13
13 4 4 13 18 13 5 5 5 6
7 8 9 7 10 9 11 3 4 4
2 3 4 4 13 13 13 13 13 13
18 13 5 14 5 15 5 5 17 5
25 25 25 25 13 13 13 13 13 13
18 13 25 25 25 25 25 25 19 25
26 26 26 13 20 14 24 22 21 23
24 24 2 3 4 4 2 3 4 4
3 4 3 4 4 13 13 13 13 13
4 13 18 13 5 5 5 6 7 8
9 7 10 9 11 27 28 3 4 4
2 3 4 4 29 30 30 31 32 33
34 29 29 29 5 5 5 5 17 5
14 5 5 5 14 14 42 43 13 13
13 13 13 13 18 13 24 24 22 21
23 24 13 13 13 13 13 13 18 13
14 44 23 45 46 5 3 4 4 2
3 3 4 4 2 3 4 4 4 4
5 5 5 6 7 8 9 7 10 9
11 13 130 131 2 3 4 4 3 4
14 4 5 5 5 14 5 17 5 5
5 17 5 5 5 5 5 37 29 38
13 13 35 13 39 40 41 36 13 13
13 13 13 13 18 13 13 13 13 13
13 13 18 13 24 24 22 23 21 24
14 2 3 4 4 3 4 3 4 4
2 3 4 4 4 13 13 13 13 13
13 18 13 14 5 5 5 6 7 8
9 7 10 9 11 14 3 4 4 2
3 4 4 5 5 5 5 17 5 50
27 28 25 25 25 27 28 25 25 25
25 25 25 25 24 23 22 21 24 25
26 26 24 26 3 4 4 2 3 2
4 4 3 4 4 3 4 4 5 5
5 6 7 8 9 7 10 9 11 55
2 3 4 4 3 4 4 5 5 37
29 38 39 40 41 5 13 13 35 13
36 13 5 17 5 14 59 64 116 132
24 24 24 23 22 21 13 13 13 13
13 13 18 13 2 3 4 4 3 4
3 4 4 2 3 4 4 4 5 5
5 6 7 8 9 9 11 7 10 12
3 4 4 2 3 4 4 5 5 15
14 37 29 38 5 13 13 35 13 36
39 40 41 13 13 13 13 13 13 13
13 13 13 13 13 13 13 13 13 13
5 17 5 5 5 19 20 13 14 24
24 22 23 21 24 2 3 4 4 2
3 4 4 3 4 3 4 4 4 5
5 5 6 7 8 9 7 9 10 11
27 28 2 3 4 4 3 4 4 29
29 29 29 5 30 30 31 32 33 34
5 5 5 5 5 5 5 17 5 13
13 13 13 13 14 13 18 13 14 14
42 43 24 22 23 24 24 21 25 25
25 25 25 25 25 25 25 62 62 25
25 26 26 26 14 44 5 23 45 46
3 4 4 2 3 3 4 4 2 3
4 4 4 4 5 5 5 6 7 8
9 7 10 9 11 111 111 111 3 4
4 2 14 3 4 4 37 29 38 39
40 41 13 13 13 35 13 36 13 13
36 13 13 13 13 13 13 13 18 13
5 5 5 14 5 17 5 13 13 13
13 13 13 18 13 5 5 5 5 5
17 5 5 5 5 5 41 41 41 40
40 41 41 24 24 23 21 22 24 37
29 38 39 40 41 13 13 35 13 14
36 2 3 4 4 3 4 4 3 4
2 4 3 4 4 14 5 5 5 6
7 8 9 7 9 11 10 14 3 4
4 2 3 4 4 5 5 5 5 17
5 5 5 50 27 28 13 13 13 27
28 51 133 134 24 22 23 21 24 24
13 13 13 35 3 4 4 2 3 3
4 4 4 4 2 3 4 4 5 5
5 6 7 8 9 7 9 10 11 55
3 4 4 2 3 4 4 5 5 5
13 13 13 13 13 13 18 13 5 17
5 135 56 57 136 14 59 135 24 22
23 21 24 24 25 25 25 25 25 25
25 25 25 25 25 26 26 26 2 3
4 4 3 4 4 3 4 2 4 3
4 67 4 5 5 5 6 7 8 9
7 9 11 10 67 3 4 4 2 3
4 4 5 5 5 15 14 5 17 5
5 19 20 13 14 23 24 24 21 22
24 3 4 4 2 3 3 4 4 4
4 2 3 4 4 5 5 5 6 7
8 9 9 11 7 10 27 28 2 3
4 4 3 4 4 5 5 5 29 30
30 31 32 33 34 29 29 29 5 17
5 14 14 14 42 43 24 5 19 5
17 17 48 5 5 19 5 19 21 22
17 17 23 48 5 5 19 24 24 24
14 13 13 13 13 13 13 18 13 44
23 45 46 5 2 3 4 4 2 3
4 3 4 4 3 4 4 73 4 5
5 5 17 6 7 8 9 7 10 9
5 11 13 71 137 14 3 4 4 2
3 4 4 5 5 5 14 5 17 5
5 5 5 24 21 22 24 24 23 14
13 13 35 13 37 29 38 39 40 41
36 13 13 13 13 13 13 18 13 25
25 25 25 25 25 25 25 5 5 25
5 25 5 25 26 26 26 3 4 4
2 3 3 4 4 2 3 4 4 4
4 13 13 13 13 13 14 13 18 13
5 5 5 6 7 8 9 7 10 9
11 14 2 3 4 4 3 4 4 5
5 5 5 17 5 5 5 17 5 5
5 5 5 50 27 28 13 13 13 13
13 13 18 13 27 28 24 24 23 22
21 24 77 101 13 13 13 13 13 13
18 13 2 3 4 4 2 3 4 3
4 4 3 4 4 4 13 13 13 13
13 13 18 13 5 5 5 6 7 8
9 7 10 9 11 55 3 4 4 2
3 4 4 5 5 5 5 17 5 14
59 13 13 13 13 13 13 18 13 64
138 139 24 24 22 23 21 24 3 4
4 2 3 3 4 4 2 3 4 4
4 4 5 5 5 6 7 8 9 7
10 9 11 12 2 3 4 4 3 4
4 5 5 14 15 5 13 13 13 13
13 13 13 13 13 13 13 13 13 13
13 13 5 17 5 5 5 19 13 13
13 13 13 13 18 13 20 13 14 24
22 21 23 24 24 140 13 13 13 13
13 13 18 13 25 25 2 3 4 4
25 25 2 3 4 4 3 4 25 25
3 4 4 25 4 25 25 25 5 25
26 26 26 5 5 6 7 8 9 7
10 9 11 27 28 3 4 4 2 3
4 4 5 5 5 29 29 29 29 30
30 31 32 33 34 5 17 5 14 14
14 42 43 13 13 13 13 13 13 18
13 5 5 19 5 17 17 22 21 23
48 5 5 19 5 19 17 17 48 24
24 24 14 44 5 23 45 46 3 4
4 2 3 3 4 4 2 3 4 4
4 4 5 5 29 29 29 5 13 13
35 13 6 7 8 9 9 11 7 10
70 17 114 2 14 3 4 4 3 67
4 4 5 5 5 13 13 35 13 36
13 13 13 37 29 38 29 39 40 41
29 29 14 5 17 5 5 5 5 13
13 13 24 24 21 22 23 24 14 40
40 40 40 2 3 4 4 2 3 4
3 4 4 3 4 4 4 14 5 5
5 6 7 8 9 7 9 10 11 14
2 3 4 4 3 4 4 5 5 5
37 29 38 39 40 41 13 13 35 13
36 13 5 17 5 37 29 38 39 40
41 13 13 35 13 36 50 67 27 28
67 27 28 51 133 141 24 24 22 21
23 24 3 4 4 2 3 2 3 3
4 4 4 4 4 4 5 5 5 25
25 25 25 6 7 8 9 7 9 11
10 25 25 25 55 25 25 25 25 26
26 26 2 3 4 4 3 4 4 5
17 5 5 17 5 5 5 17 5 5
5 5 5 56 57 142 14 59 24 23
24 24 22 21 2 3 4 4 2 3
4 3 4 4 3 4 4 4 5 5
5 6 7 8 9 7 10 9 11 2
3 4 4 3 4 4 5 5 5 15
14 5 17 5 19 13 20 14 24 24
24 22 21 23 3 4 4 2 3 3
4 4 2 3 4 4 4 4 5 5
5 6 7 8 9 7 9 11 10 27
28 3 4 4 2 3 4 4 5 5
5 119 12 122 122 29 12 122 122 119
120 122 122 122 122 29 30 30 31 32
33 34 143 143 143 122 122 122 122 122
122 122 122 122 123 29 29 120 122 122
122 122 122 122 122 122 122 122 143 143
143 143 143 143 122 123 122 144 122 144
122 123 122 122 122 123 122 123 122 144
122 143 143 143 144 122 123 5 17 5
14 13 14 14 13 13 13 13 13 23
46 98 45 46 46 46 70 145 146 147
80 148 80 80 149 150 151 152 153 154
77 77 78 79 77 80 81 81 81 77
81 82 85 85 86 86 86 86 86 86
86 86 86 86 86 86 86 13 13 13
13 13 13 13 13 13 46 46 46 46
98 46 76 70 70 42 152 155 151 156
146 147 80 151 152 155 151 77 77 77
77 77 86 86 86 86 86 85 86 85
85 85 13 13 13 13 13 13 13 37
29 38 37 29 38 46 45 46 46 45
76 23 98 70 95 99 77 99 99 77
80 81 81 80 13 13 13 13 13 13
13 37 29 38 37 29 38 46 46 46
23 46 98 46 46 19 70 80 81 81
81 81 81 81 81 81 77 81 101 13
13 13 13 13 13 13 13 13 13 37
29 38 38 29 29 38 46 76 76 46
23 87 70 95 99 99 77 77 77 77
80 13 13 13 13 13 37 29 38 37
29 38 38 48 70 81 81 77 81 77
13 36 5 13 13 29 29 38 37 29
38 37 114 70 35 13 13 35 13 29
38 38 29 29 38 37 70 70 13 35
13 13 35 13 29 38 37 29 38 38
29 29 70 95 13 35 13 35 13 35
13 13 13 38 37 29 38 37 29 38
48 70 13 13 13 13 35 13 35 13
43 38 29 29 38 38 38 51 29 70
19 35 13 13 13 13 13 13 13 38
29 29 38 29 29 38 70 70 35 13
35 13 35 13 13 13 38 38 51 29
38 29 29 70 70 13 13 13 13 35
13 35 13 38 29 29 38 38 38 51
29 19 70 35 13 13 13 13 13 13
13 38 29 29 38 29 29 38 70 19
13 13 13 35 13 13 35 38 38 51
29 38 29 29 70 70 13 13 13 35
13 13 38 29 29 38 38 38 51 29
70 13 13 13 5 5 38 29 29 38
39 40 41 48 48 48 48 48 39 40
41 39 40 41 39 48 48 24 24 13
13 35 13 40 41 39 40 41 39 40
13 13 13 13 13 41 39 40 41 39
40 41 5 13 13 39 40 41 39 40
41 39 13 13 13 13 40 41 39 40
41 39 40 22 21 13 13 13 13 13
41 39 40 41 39 40 41 23 13 13
13 13 39 40 41 39 40 41 39 40
13 13 13 13 41 39 40 41 41 40
39 13 13 13 13 64 29 105 29 38
13 13 13 13 38 29 38 38 29 38
13 13 24 24 24 38 51 157 38 29
29 38 38 29 29 29 29 29 29 38
29 29 29 29 105 29 38 38 29 38
38 29 29 29 29 29 29 158 29 37
14 29 38 29 40 40 41 41 41 41
39 40 40 40 40 39 40 41 39 40
41 41 40 39 64 13 13 13 13 39
40 41 39 40 41 41 44 40 39 64
39 40 41 39 23 45 46 5 40 41
41 40 39 64 39 40 41 39 40 41
41 40 39 64 39 40 41 39 40 41
41 40 39 64 39 40 41 41 40 39
64 39 40 41 41 40 39 64 39 40
41 41 40 39 64 70 39 40 41 39
40 41 39 40 41 40 40 41 41 41
41 40 40 41 41 41 41 40 40 41
41 41 41 40 40 41 41 41 41 40
40 2 3 4 4 41 41 41 41 40
40 2 3 3 4 4 41 41 41 41
40 40 3 4 4 4 41 41 41 41
40 40 41 4 41 41 41 40 40 40
40 17 5 40 40 40 40 40 40 40
17 5 5 40 40 40 40 40 40 40
40 40 40 40 40 40 40 40 40 40
40 40 40 40 6 7 8 9 9 11
7 10 41 40 111 41 13 130 159 25
25 25 25 14 25 3 4 4 25 2
25 3 4 25 4 25 25 5 25 26
26 26 5 5 40 41 41 39 41 40
111 41 14 5 17 5 40 41 41 40
143 143 143 82 85 85 85 85 85 85
160 161 161 161 161 162 162 162 162 162
162 162 85 85 86 86 86 86 86 86
86 86 86 86 86 86 77 77 77 77
77 80 96 81 80 81 81 162 162 162
162 162 162 162 162 162 162 162 162 162
162 162 92 160 24 49 163 164 165 166
167 167 168 169 169 170 171 172 172 171
173 83 84 82 86 86 86 86 86 86
86 86 86 86 86 86 86 86 86 81
81 80 80 81 81 81 81 80 81 80
80 81 174 170 173 174 162 162 162 162
162 162 162 162 162 162 162 162 162 162
162 162 162 162 162 162 162 162 162 162
162 162 162 162 160 160 162 162 162 162
162 162 162 162 162 162 162 162 162 162
162 162 162 162 162 162 162 162 162 162
24 24 175 167 165 167 176 87 177 167
175 86 86 86 86 86 86 86 86 86
86 86 86 86 86 96 81 81 81 81
81 81 81 81 81 80 80 81 162 162
162 162 162 162 162 162 162 162 162 162
162 162 162 162 162 162 162 162 162 162
162 162 162 162 162 162 162 162 162 162
162 162 162 162 162 162 162 162 162 49
17 162 162 162 162 162 162 162 162 162
162 162 162 162 162 161 28 178 86 86
86 86 86 86 86 86 85 86 85 85
81 81 80 81 81 81 81 81 81 81
81 80 96 179 179 162 161 161 162 162
162 162 162 162 162 162 162 162 162 162
162 162 162 162 162 162 162 162 162 162
162 162 162 162 162 162 161 162 161 161
161 161 161 161 161 161 161 85 85 85
86 86 86 86 86 86 86 86 81 81
81 81 80 81 81 81 81 81 81 80
81 80 179 179 161 161 161 161 161 161
161 161 161 161 161 161 161 161 161 161
161 161 161 161 161 161 162 162 162 162
162 162 162 162 162 162 86 86 86 86
86 86 86 86 86 86 86 86 86 86
81 81 80 81 81 80 81 81 80 81
81 80 81 5 5 162 162 162 162 162
162 162 162 162 162 162 162 162 162 162
162 162 162 162 162 162 162 162 162 162
162 162 162 162 162 162 162 162 162 162
162 162 162 162 162 162 162 162 162 162
162 162 162 162 162 162 162 88 23 76
23 46 180 46 46 83 84 86 86 86
86 86 86 86 86 86 86 86 86 86
86 86 81 80 81 81 80 81 81 80
81 81 80 81 81 173 181 182 182 44
173 182 44 183 143 143 184 185 185 183
143 143 184 185 162 162 162 162 162 162
162 162 162 162 162 162 162 162 162 162
162 162 162 162 162 162 162 162 162 162
162 162 162 162 162 162 162 162 162 162
162 162 162 162 162 162 162 162 162 162
162 162 162 162 162 162 29 37 29 98
46 46 78 186 78 46 88 82 86 86
86 86 86 86 86 86 86 86 86 86
86 86 86 80 81 81 80 81 81 81
81 80 81 81 80 81 185 13 13 74
87 13 13 74 162 162 162 162 162 162
162 162 162 162 162 162 162 162 161 162
161 161 161 161 161 161 161 161 161 161
161 161 161 161 161 161 161 161 162 162
162 76 46 45 46 46 46 46 46 83
84 86 86 86 86 86 86 86 86 86
86 86 86 86 81 80 81 81 80 81
81 80 81 81 80 81 81 13 13 13
17 13 13 36 36 13 162 162 162 162
162 162 162 162 162 162 162 162 162 162
162 162 162 162 162 162 162 162 162 162
162 162 162 162 162 162 162 162 162 162
162 162 162 162 162 162 162 162 162 162
162 162 162 162 162 162 162 162 162 162
162 161 162 161 46 46 46 46 46 76
46 45 98 174 173 86 86 86 86 86
86 86 86 86 86 86 86 86 86 81
81 81 81 81 81 77 81 77 187 80
80 18 13 13 13 13 13 161 161 161
161 162 162 162 162 162 162 162 162 162
162 162 162 162 162 162 162 162 162 162
162 162 162 162 162 162 162 162 162 162
162 162 162 161 162 161 161 162 162 162
162 162 162 162 162 162 162 162 162 162
162 162 162 188 188 86 86 86 86 86
86 86 86 86 86 86 86 86 80 81
81 80 81 81 80 81 81 80 81 81
81 80 13 13 13 13 13 162 162 162
162 162 162 162 162 162 162 162 162 162
162 162 162 162 162 162 162 162 162 162
162 162 162 162 162 162 162 162 162 162
162 162 162 162 162 162 162 162 162 162
162 162 162 162 162 46 188 86 86 86
85 86 85 85 85 85 86 86 81 81
81 80 81 81 81 80 81 81 81 81
77 22 13 13 13 13 5 5 21 162
162 162 162 162 162 162 162 162 162 162
162 162 162 162 162 161 162 161 161 161
162 162 162 162 162 162 162 162 162 162
162 162 162 162 162 162 162 162 162 162
162 162 162 162 162 162 162 162 162 188
188 86 86 86 86 86 86 86 86 86
86 86 86 86 86 86 81 77 77 77
77 77 77 5 48 5 5 5 162 162
162 162 162 162 162 162 162 162 162 162
162 162 162 162 162 162 162 162 162 162
162 162 162 162 162 162 162 162 162 162
162 162 162 162 162 162 162 162 162 162
162 162 162 162 162 162 162 188 46 76
23 98 86 86 86 86 86 86 86 86
86 86 86 86 86 86 86 77 77 189
77 77 5 5 5 5 5 24 162 162
161 162 161 161 161 161 161 162 161 162
161 161 161 161 161 162 162 162 162 162
162 162 162 162 162 162 162 162 162 162
162 162 162 162 162 162 162 162 162 162
162 162 162 162 162 46 46 46 46 98
86 86 86 86 86 86 86 86 86 86
86 86 86 190 111 77 80 80 81 81
81 96 80 81 81 24 24 162 162 162
162 162 162 162 162 162 162 162 162 162
162 162 162 162 162 162 162 162 162 162
162 162 162 162 162 162 161 162 161 161
161 161 161 161 161 161 161 161 161 188
46 76 23 46 86 86 86 86 86 86
86 86 86 86 86 86 86 85 86 81
81 80 80 81 81 80 81 81 81 80
80 81 81 162 162 162 162 162 162 162
162 162 162 162 162 162 162 162 162 162
162 162 162 162 162 162 162 162 162 162
162 162 162 162 162 162 162 162 162 162
162 162 162 162 162 162 162 162 162 162
162 162 162 188 98 46 46 46 85 85
86 86 86 86 86 86 86 86 86 86
86 86 81 81 81 80 81 81 81 81
81 81 81 77 81 162 162 162 162 162
162 162 162 162 162 162 162 162 162 162
162 162 162 162 162 162 162 162 162 162
162 162 162 162 162 162 162 162 162 162
162 162 162 162 162 162 162 162 162 161
162 161 161 162 162 162 162 162 191 192
192 193 193 193 191 174 194 188 46 46
82 82 83 84 83 84 86 86 86 86
86 86 86 86 86 86 86 86 86 86
86 86 99 160 160 5 163 164 165 167
195 169 175 167 167 191 162 162 162 162
162 162 162 162 162 162 162 162 162 162
162 162 162 162 162 162 162 162 162 162
162 162 162 162 162 162 162 162 162 162
162 162 162 162 162 162 162 162 162 162
162 162 162 162 162 162 162 162 161 162
161 76 98 23 98 23 46 46 82 86
85 86 85 85 86 86 86 86 86 86
86 86 5 5 25 165 167 167 167 177
167 161 161 161 161 161 161 161 161 161
161 161 162 162 162 162 162 162 162 162
162 162 162 162 161 162 161 161 161 161
161 161 161 161 161 161 162 46 46 46
188 78 102 86 86 86 86 86 86 86
86 86 86 86 86 86 86 86 86 179
179 188 46 46 162 162 162 162 162 162
162 162 162 162 162 162 162 162 162 162
162 162 162 161 162 161 161 161 161 161
161 161 162 162 162 162 162 162 162 162
162 162 162 162 162 162 162 162 162 86
86 86 86 86 86 86 86 85 86 85
85 86 86 86 179 5 46 46 46 46
162 162 162 162 162 162 162 162 162 162
162 162 162 162 162 162 162 162 162 162
162 162 162 162 162 162 162 162 162 162
162 162 161 162 161 161 162 162 162 162
162 162 162 162 162 162 162 162 162 162
162 162 162 86 86 86 86 86 86 86
86 86 86 86 86 86 5 5 98 76
76 98 98 23 98 98 162 162 162 162
162 162 162 162 162 162 162 162 162 162
162 162 162 162 162 161 162 161 161 161
162 162 162 162 162 162 162 162 162 162
162 162 162 162 162 162 162 162 162 162
162 162 162 162 162 162 162 162 162 162
162 162 161 162 161 161 86 86 86 86
86 86 86 86 86 86 86 86 86 86
86 14 5 17 98 76 23 88 23 76
23 23 162 162 162 162 162 162 162 162
162 162 162 162 162 162 162 162 162 162
162 162 162 162 162 162 162 162 162 162
162 162 162 162 162 162 162 162 162 162
162 162 161 162 161 161 161 162 162 162
86 86 86 86 86 86 86 86 86 86
86 86 86 86 86 47 46 162 162 162
162 162 162 162 162 162 162 162 162 162
162 162 162 162 162 162 162 162 162 162
162 162 162 162 162 162 162 162 162 162
162 162 162 162 161 162 161 161 161 161
86 86 86 86 86 86 86 86 86 86
86 86 86 86 86 92 196 192 23 197
197 161 161 161 162 162 162 162 162 162
162 162 162 162 162 82 85 86 85 85
86 86 86 86 86 86 86 86 86 19
5 198 199 200 177 167 162 162 162 162
162 162 162 162 162 162 162 162 162 162
162 86 86 86 86 86 86 86 86 86
86 86 86 86 86 5 13 13 162 162
162 162 162 162 161 162 161 161 161 86
86 85 86 85 85 85 85 86 86 86
86 13 13 13 13 13 13 86 86 86
86 86 86 86 86 86 86 86 86 86
86 86 86 86 86 86 86 86 85 86
85 85 85 86 86 86 86 86 86 86
86 86 86 86 86 86 86 86 86 86
86 86 86 86 86 86 86 86 85 86
85 85 85 86 86 86 86 86 86 86
86 86 86 86 86 86 86 86 86 86
86 86 86 86 86 86 86 86 86 86
86 86 86 86 86 85 86 85 85 85
85 85 85 85 85 86 86 86 86 86
86 86 86 86 86 86 86 86 86 86
86 86 86 86 86 86 86 86 86 86
86 86 86 86 86 86 86 86 86 86
85 86 85 85 85 85 85 86 86 86
86 86 86 86 86 86 86 86 86 86
86 86 86 86 86 86 86 86 86 2
3 3 4 4 86 86 86 86 86 86
86 86 86 86 86 86 86 85 86 3
4 4 2 4 4 85 85 85 85 85
86 86 86 86 86 86 3 4 86 86
86 86 86 86 86 86 86 86 86 86
86 86 86 14 4 86 86 86 86 86
86 86 86 86 86 85 86 85 5 85
85 85 86 86 86 86 86 86 86 86
86 5 5 86 86 86 86 86 86 86
86 86 86 86 86 86 86 86 86 86
86 86 86 86 86 86 86 86 86 86
85 86 85 85 86 86 86 86 86 86
86 86 86 86 86 86 86 86 6 7
8 9 7 10 9 11 86 86 86 86
86 86 86 86 86 86 86 86 86 86
86 85 86 85 86 86 86 86 86 86
86 86 86 86 86 86 86 86 86 86
86 86 86 86 86 86 86 86 86 86
86 86 86 86 86 86 85 86 85 86
86 86 86 86 86 86 86 86 86 86
86 86 86 86 86 86 86 86 86 86
86 86 86 14 86 86 86 86 86 85
86 85 86 86 86 86 86 86 86 86
86 86 86 86 86 86 86 86 86 86
86 86 86 86 86 86 86 86 86 86
86 86 86 86 85 86 3 4 4 2
3 4 4 5 5 5 5 17 5 5
5 5 50 27 28 128 172 128 172 17
179 17 179 172 172 128 128 179 27 28
179 17 17 24 21 23 22 24 24 13
13 35 13 37 29 38 39 40 41 36
2 3 4 4 3 4 3 4 4 4
2 3 4 4 5 5 5 6 7 7
10 8 9 9 11 55 3 4 4 2
3 4 4 5 5 5 5 17 5 59
14 128 172 172 128 17 179 179 17 172
128 172 128 179 17 64 138 201 179 17
21 23 24 24 22 24 3 4 4 2
3 4 4 2 3 4 4 3 4 4
5 5 5 6 7 8 9 9 11 7
10 12 17 3 4 4 2 3 4 4
5 5 14 15 5 25 25 25 25 25
25 25 25 25 13 13 13 13 13 13
13 13 13 13 13 13 13 13 13 13
25 25 26 26 26 5 17 5 5 5
17 5 5 5 5 5 5 128 172 172
128 5 17 179 179 17 19 172 128 172
128 179 17 20 13 179 14 17 24 22
21 23 24 24 2 3 4 4 3 4
3 4 4 4 2 3 4 4 172 179
5 5 5 6 7 8 9 9 7 10
11 202 202 27 28 202 202 202 202 202
202 2 3 4 4 3 4 202 202 4
5 5 5 202 202 202 202 29 29 29
29 30 30 31 32 33 34 202 202 202
5 17 5 202 202 202 202 202 202 202
202 202 202 202 14 202 202 202 202 13
13 14 14 13 202 202 42 202 202 202
202 202 202 202 43 202 202 203 204 204
128 202 5 179 179 17 202 202 202 202
204 204 128 28 179 179 202 17 17 202
24 202 22 21 23 24 24 202 202 202
202 202 202 202 202 14 202 202 202 202
44 23 45 46 202 5 202 202 202 202
202 202 202 202 202 202 3 4 4 2
202 3 4 2 202 3 4 4 4 3
4 4 5 5 202 5 202 202 202 6
7 8 9 9 11 7 10 202 202 202
202 202 202 202 14 202 3 4 4 2
3 4 4 202 202 5 5 5 202 202
202 202 202 202 14 5 202 17 5 202
202 202 202 202 202 202 202 202 202 202
202 202 202 202 202 202 202 202 202 202
202 202 202 202 191 191 191 28 28 175
178 167 25 5 82 83 84 85 86 86
86 86 86 86 86 86 86 86 86 86
86 86 161 161 161 162 162 162 162 162
162 162 162 162 162 162 165 167 167 177
167 5 5 86 86 86 86 86 86 86
86 86 86 86 86 86 86 86 85 86
202 162 162 162 162 162 162 162 162 162
162 162 162 162 162 162 128 172 172 128
202 17 85 86 86 86 86 86 86 86
86 86 86 86 86 86 162 162 162 162
162 162 161 162 161 161 161 161 179 179
86 86 86 86 86 86 86 86 86 86
86 86 86 86 86 202 161 162 162 162
162 162 162 162 162 162 162 162 162 162
162 17 86 86 86 86 85 86 85 85
162 162 162 162 162 162 162 162 162 162
162 162 162 162 162 202 162 162 162 162
162 162 162 162 162 162 162 162 162 162
162 162 162 162 162 162 162 162 162 162
162 162 162 162 161 35 13 35 35 13
35 162 37 29 38 38 29 29 39 202
172 128 172 128 202 202 40 41 179 17
179 17 23 21 202 37 29 38 38 29
202 24 22 24 24 39 40 41 202 202
202 202 202 202 202 202 202 29 14 202
202 202 202 202 202 202 202 202 202 202
202 202 3 4 4 202 2 3 3 4
4 4 4 2 3 202 202 14 4 4
5 5 202 5 202 202 202 6 7 8
9 7 10 9 11 202 202 202 202 14
202 202 202 202 2 3 4 4 3 4
4 202 5 5 5 202 202 202 202 202
17 17 202 202 5 17 5 202 25 202
25 25 25 202 25 202 25 25 25 202
25 25 202 25 26 26 26 202 202 202
202 5 5 5 202 202 202 202 202 202
50 202 202 202 202 202 202 27 28 202
202 202 202 202 202 128 172 172 128 17
179 179 202 17 202 27 28 202 202 51
205 206 172 172 128 128 179 202 179 17
21 23 17 202 202 22 24 24 24 202
202 202 202 202 202 202 24 24 135 22
202 202 202 202 202 37 29 38 37 29
38 38 13 13 35 13 29 37 29 38
38 36 35 13 35 35 13 35 35 13
202 29 37 29 38 38 35 202 202 29
39 40 41 39 40 41 39 40 41 39
40 41 29 202 202 29 29 202 202 202
202 202 202 3 4 4 2 3 4 3
4 4 2 21 23 4 3 4 202 202
4 5 202 5 5 202 202 6 7 7
10 8 9 9 11 37 29 38 38 29
37 35 13 35 35 13 35 35 13 29
38 38 29 39 40 202 35 202 55 202
41 37 29 38 38 29 39 40 41 39
40 41 29 202 29 29 202 202 202 3
4 4 202 2 3 202 4 4 202 202
5 5 5 24 202 202 202 202 202 202
5 202 35 13 35 35 13 35 35 13
37 29 38 38 29 17 35 35 13 35
5 202 202 37 29 38 38 29 202 202
202 39 40 41 37 29 38 38 29 37
29 38 38 202 29 39 40 41 202 202
202 39 40 41 39 40 41 202 29 202
56 57 207 202 29 202 202 202 14 202
59 202 202 202 202 202 202 29 202 29
202 202 202 202 128 172 204 128 17 179
202 179 17 202 202 202 172 204 128 28
179 179 202 17 17 22 23 21 202 24
202 24 24 202 202 202 202 202 202 202
202 202 202 202 202 202 202 202 202 202
202 202 202 202 202 202 3 4 4 2
3 3 4 4 4 4 2 3 202 4
4 202 5 5 5 202 202 202 6 7
8 9 9 11 7 10 202 202 202 202
202 202 202 2 3 4 4 202 202 3
4 4 5 202 5 5 14 15 202 202
202 202 202 202 202 5 17 5 202 202
202 202 202 202 202 202 202 202 202 202
202 202 202 202 202 202 202 202 202 202
202 202 202 202 19 202 202 128 172 204
128 17 179 202 179 17 202 202 20 13
202 14 204 28 172 128 179 202 17 179
21 22 23 17 202 24 24 202 24 202
202 202 202 202 202 202 202 202 202 202
202 202 202 202 202 202 202 202 202 202
2 202 3 4 4 3 4 4 202 3
4 2 4 3 4 202 4 202 5 5
5 202 202 202 6 7 8 9 7 9
11 10 37 29 38 202 13 13 35 13
27 28 39 40 41 36 13 202 202 202
202 202 202 3 4 4 2 3 202 202
4 4 202 202 5 5 5 202 202 29
202 30 30 31 32 33 34 202 29 29
29 202 202 5 17 5 202 202 202 202
5 202 5 17 5 5 25 25 202 202
5 25 25 5 5 25 202 25 202 25
202 25 25 25 14 202 202 25 26 26
26 202 202 14 14 202 202 42 202 202
202 202 202 202 202 202 43 202 202 202
202 128 172 172 128 17 179 179 17 202
202 202 202 172 128 172 128 179 202 21
23 17 179 22 17 24 202 24 24 202
202 202 202 202 202 202 202 14 202 202
202 44 202 5 23 45 46 202 202 202
202 202 202 202 202 202 202 3 4 4
2 3 202 3 4 4 4 4 2 3
202 4 4 202 202 5 5 5 202 202
6 7 8 9 9 11 7 10 202 13
13 35 13 36 37 29 38 39 40 41
13 202 172 179 13 71 208 172 202 179
202 202 202 14 202 202 2 3 4 4
3 4 202 202 4 5 5 5 202 202
202 202 202 202 5 17 14 202 5 202
202 202 202 202 202 202 202 202 202 202
202 202 202 202 202 202 202 202 202 202
202 202 202 82 85 86 86 86 86 86
86 86 86 86 86 86 86 86 86 191
191 191 202 5 28 28 175 178 167 25
161 161 161 162 162 162 162 162 162 162
162 162 162 162 83 84 86 86 86 86
86 86 86 86 86 86 86 86 86 86
86 85 86 5 5 165 167 167 177 167
162 162 162 162 162 162 162 162 162 162
162 162 162 162 162 202 85 86 86 86
86 86 86 86 86 86 86 86 86 86
202 162 162 162 162 162 162 161 162 161
161 161 161 86 86 86 86 86 86 86
86 86 86 86 86 86 86 86 161 162
162 162 162 162 162 162 162 162 162 162
162 162 162 202 86 86 86 86 85 86
85 85 202 128 172 204 128 162 162 162
162 162 162 162 162 162 162 162 162 162
162 162 17 179 162 162 162 162 162 162
162 162 162 162 162 162 162 162 179 17
202 162 162 162 162 162 162 162 162 162
162 162 162 162 162 161 202 162 202 172
128 204 28 202 179 17 179 202 21 22
23 17 24 24 24 202 202 202 202 202
202 202 202 202 14 202 202 202 202 202
202 202 202 202 202 202 202 202 202 2
3 4 4 3 4 2 202 3 4 4
4 3 4 14 202 4 5 5 5 202
202 202 202 6 7 8 9 9 11 7
10 202 202 202 202 14 202 202 202 202
2 3 4 4 3 4 202 4 5 5
5 202 202 202 202 202 202 202 5 17
5 202 202 202 202 202 202 202 202 202
202 5 5 5 202 202 202 202 202 50
202 202 202 202 202 202 202 27 28 202
202 202 202 202 202 202 202 128 172 172
128 17 179 179 17 27 28 202 202 13
13 35 13 37 29 38 39 40 41 202
36 202 172 128 172 128 24 24 22 21
23 24 179 202 17 179 77 101 77 17
202 202 202 202 202 202 202 202 202 202
202 202 88 23 76 23 23 186 46 98
82 82 83 84 83 84 85 85 86 86
86 86 86 86 86 86 86 86 86 86
44 44 44 191 193 193 192 191 174 202
5 160 160 163 164 165 167 195 169 175
167 167 161 161 162 162 162 162 162 162
162 161 162 161 191 209 181 46 76 46
76 188 76 46 98 83 84 82 82 82
83 86 86 86 86 86 86 86 86 86
86 86 86 86 86 86 5 5 77 77
77 101 101 101 111 160 160 25 165 167
167 177 167 167 161 161 161 161 161 170
161 161 161 161 162 162 162 162 162 162
162 162 162 162 162 162 162 162 162 162
162 162 162 162 162 162 162 162 162 162
162 162 162 162 162 162 162 162 162 162
162 162 162 162 162 162 162 162 162 162
162 162 162 161 162 161 161 161 161 46
98 46 23 46 23 98 84 83 84 83
84 86 86 86 86 86 85 86 85 85
85 85 85 5 179 77 80 81 81 77
81 173 177 167 163 164 165 167 210 167
165 161 162 162 162 162 162 162 162 162
162 162 162 162 162 162 162 162 162 162
162 162 162 162 162 162 162 161 162 161
161 162 162 162 162 162 162 162 162 162
162 162 162 162 162 162 162 162 162 162
162 162 162 162 162 162 162 98 46 46
46 188 76 76 23 82 83 84 82 86
86 86 86 86 86 86 86 86 86 86
86 86 86 86 179 5 167 78 177 167
167 28 162 162 162 162 162 162 162 162
162 162 161 162 161 161 162 162 162 162
162 162 162 162 161 162 161 161 161 161
162 162 162 162 162 162 162 162 162 162
162 162 162 162 161 162 161 161 161 161
161 76 88 23 76 23 180 46 46 86
86 86 86 86 86 86 86 86 86 86
86 86 86 86 5 5 161 161 161 161
161 162 162 162 162 162 162 162 162 162
162 162 162 162 162 162 162 162 162 162
162 162 162 162 162 162 162 162 162 162
162 162 162 161 162 161 161 161 161 161
162 162 162 162 162 162 162 162 162 162
46 98 46 76 23 46 46 86 86 86
85 86 85 85 85 85 85 5 17 162
162 162 162 162 162 162 162 162 162 162
162 162 162 162 162 162 162 162 162 162
162 162 162 162 162 162 162 162 162 162
162 162 162 162 162 162 162 162 162 162
162 162 162 162 162 162 161 162 161 161
161 162 162 162 162 162 98 46 76 88
98 23 98 85 85 86 86 86 86 86
86 86 86 86 86 86 48 17 162 162
162 162 162 162 162 162 162 162 162 162
162 162 162 162 162 162 162 162 162 162
162 162 162 162 162 161 162 161 161 162
162 162 162 162 162 162 162 162 162 162
162 162 162 162 162 162 162 162 162 162
162 162 162 162 46 46 46 98 46 76
23 86 86 86 86 86 86 86 86 86
86 86 86 86 86 86 5 162 162 162
162 162 162 162 162 162 162 162 162 162
162 162 161 162 161 161 161 162 162 162
162 162 162 162 162 162 162 162 162 162
162 162 162 162 162 162 162 162 162 162
162 162 162 162 162 46 46 98 46 98
46 76 162 162 162 162 162 162 162 162
162 162 162 162 161 162 86 86 86 86
86 86 86 86 86 86 85 86 85 161
161 161 162 162 162 162 162 162 162 162
162 162 162 162 162 162 162 162 162 162
162 162 162 162 162 162 162 162 162 162
162 162 162 162 162 162 162 162 162 162
162 23 46 46 98 46 197 98 76 85
85 85 86 86 86 86 86 86 86 86
86 162 162 162 162 162 162 162 162 162
162 162 162 162 162 162 162 162 162 161
162 161 161 161 161 161 161 161 161 161
161 161 161 161 161 161 161 76 76 23
46 98 76 98 86 86 86 86 86 86
86 86 86 86 86 86 86 86 86 86
161 161 161 162 162 162 162 161 162 161
161 161 161 161 161 161 161 161 161 162
162 162 162 162 162 162 162 162 162 162
162 162 162 162 162 162 162 162 162 162
162 162 162 162 162 162 162 162 98 86
86 86 86 86 86 86 86 86 86 86
85 86 85 162 162 162 162 162 161 162
161 161 161 161 161 161 162 162 162 162
162 162 162 162 162 162 162 162 162 162
162 162 162 162 162 162 162 162 162 162
161 162 161 161 162 162 162 162 161 162
161 161 161 85 85 86 86 86 86 86
86 86 86 86 86 86 86 86 3 4
4 173 2 3 161 161 161 161 161 161
161 162 162 162 162 162 162 162 162 162
162 162 162 162 162 162 161 162 161 161
161 161 161 161 161 161 161 162 162 162
162 162 162 162 86 86 86 86 86 86
86 86 86 86 86 86 86 86 86 5
4 4 3 4 4 2 3 162 162 162
162 162 162 162 162 162 162 162 162 162
162 162 162 162 162 162 162 162 161 162
161 161 161 161 161 161 161 161 86 86
86 86 85 86 85 85 85 85 4 4
85 86 86 86 86 86 86 86 86 86
86 86 86 86 86 5 86 86 86 86
86 86 86 86 86 86 86 86 86 86
86 85 86 5 5 85 86 86 86 86
86 86 86 86 86 86 86 86 86 86
86 86 86 86 86 86 86 86 86 86
86 86 86 86 86 86 86 86 85 86
85 86 86 86 86 86 86 86 86 6
7 8 9 9 11 7 10 86 86 86
86 86 86 86 86 86 86 86 86 86
86 86 86 86 86 86 86 86 85 86
85 86 86 86 86 86 86 86 55 86
86 86 86 86 86 86 86 86 86 86
86 86 86 86 86 173 86 86 86 86
86 86 86 86 86 85 86 85 85 5
85 85 85 85 86 86 86 86 86 86
86 86 86 86 86 86 86 86 86 86
86 86 86 86 86 86 86 86 86 86
86 86 86 86 86 86 86 86 86 86
85 86 85 85 85 85 86 86 86 86
86 86 86 86 86 86 86 86 86 86
86 86 86 86 86 86 86 86 86 86
85 86 85 85 85 85 85 85 86 3
4 4 2 3 86 86 86 86 86 86
86 86 86 86 86 86 86 86 86 4
4 86 86 86 86 86 86 86 86 86
86 86 86 86 86 86 5 5 173 86
86 86 85 86 85 85 86 86 86 86
86 86 86 5 5 86 86 86 86 86
86 86 86 86 86 86 86 86 86 85
86 85 86 86 86 86 86 86 86 86
86 86 86 86 86 86 86 86 86 86
86 86 86 86 86 86 85 86 85 85
85 85 85 86 86 86 85 86 85 85
85 85 85 86 86 86 86 86 86 86
86 86 86 86 86 86 86 86 86 86
86 86 86 86 86 86 86 86 86 86
86 85 86 85 85 5 17 5 173 5
173 5 25 25 25 25 25 14 25 25
25 59 173 5 25 25 25 26 26 26
173 5 172 172 179 179 64 211 212 24
172 172 23 24 24 22 21 179 179 2
3 4 4 3 4 2 3 4 4 4
3 4 4 5 5 5 6 7 8 9
7 9 11 10 12 13 13 13 13 13
13 13 13 13 13 13 13 13 13 13
13 2 3 4 4 3 4 4 5 14
5 15 5 5 17 5 5 5 19 172
172 179 179 13 20 14 24 23 172 172
24 24 22 21 179 179 3 4 4 2
3 3 4 4 4 4 2 3 4 4
5 5 5 6 7 8 9 7 10 9
11 27 28 3 4 4 2 3 4 4
5 5 5 29 30 30 31 32 33 34
29 29 29 5 17 5 14 14 14 42
43 172 172 179 179 23 21 22 24 24
24 172 172 179 179 41 41 41 40 14
44 23 45 46 5 40 41 41 2 3
4 4 3 2 3 4 4 4 4 3
4 5 4 5 5 29 29 29 37 29
29 29 24 29 29 29 29 29 29 29
29 29 6 7 8 9 9 11 7 10
29 29 29 29 29 29 29 29 29 29
29 29 29 29 29 29 29 13 13 13
13 13 13 13 13 13 13 24 13 13
13 13 24 24 5 13 24 18 18 47
24 18 18 47 13 13 14 24 24 24
13 24 5 18 18 2 3 4 4 47
24 3 4 18 18 4 13 13 47 24
24 13 24 5 24 18 18 47 5 24
5 18 5 13 13 18 47 5 14 5
17 5 82 85 85 85 85 85 85 161
161 161 161 162 162 162 162 162 162 162
77 77 77 77 77 80 81 81 80 81
81 83 84 82 85 85 86 86 86 86
86 86 86 86 86 86 86 86 162 162
162 162 162 162 162 162 162 162 162 162
162 162 162 162 162 162 162 162 162 162
162 162 162 162 162 162 162 162 162 162
162 162 162 162 162 162 162 162 162 162
162 162 162 162 162 162 162 162 162 162
162 162 162 162 162 162 162 162 162 162
162 162 162 162 162 162 162 162 162 162
162 162 162 162 162 162 162 160 160 24
170 171 172 172 171 174 88 23 76 23
46 23 163 164 165 166 167 167 168 169
169 81 81 80 80 81 81 81 81 80
81 80 80 81 83 84 82 86 86 86
86 86 86 86 86 86 86 86 86 86
86 86 170 174 181 196 196 44 196 162
162 162 162 162 162 162 162 162 162 162
162 162 162 160 162 162 162 162 162 162
162 162 162 162 162 162 162 162 162 162
162 162 162 162 162 162 162 162 162 162
162 162 162 161 162 161 161 162 162 162
162 162 162 162 162 162 162 162 162 162
162 162 162 162 162 162 162 162 162 46
98 46 46 78 186 78 46 88 162 162
162 162 162 162 161 162 161 161 5 5
175 167 165 167 176 87 177 167 175 96
81 81 81 81 81 81 81 81 81 80
80 81 44 83 84 86 86 86 86 86
86 86 86 86 86 86 86 86 86 175
178 161 161 161 161 161 161 161 161 161
161 161 161 161 161 161 161 161 161 161
76 46 45 46 46 46 46 46 161 161
161 161 161 161 161 161 161 161 162 162
162 162 162 162 162 162 162 162 162 162
162 162 162 162 162 162 162 162 162 162
162 17 5 81 81 80 81 81 81 81
81 81 81 81 80 96 86 86 86 86
86 86 86 86 85 86 85 85 173 46
46 46 46 46 76 46 45 98 162 162
162 162 162 162 162 162 162 162 162 162
162 162 162 162 162 162 162 162 162 162
162 162 162 162 162 162 162 162 162 162
162 162 162 162 162 162 162 5 17 162
162 162 162 162 162 162 162 162 162 162
162 162 162 162 162 162 162 162 162 162
162 162 162 162 162 162 162 162 162 162
162 162 162 162 162 162 162 162 81 81
81 81 80 81 81 81 81 81 81 80
81 80 85 85 85 86 86 86 86 86
86 86 86 188 188 179 179 162 162 162
162 162 162 162 162 162 162 162 162 162
162 162 162 162 162 162 162 162 162 162
162 162 162 162 161 162 161 161 161 161
161 161 161 161 161 161 161 161 81 81
80 81 81 80 81 81 80 81 81 80
81 86 86 86 86 86 86 86 86 86
86 86 86 86 86 46 188 179 179 161
161 161 161 161 162 162 162 162 162 162
162 162 162 162 162 162 162 162 162 162
162 162 162 162 162 162 162 162 162 162
162 162 162 162 162 162 162 162 162 162
162 162 162 162 162 162 162 162 162 162
162 162 81 80 81 81 80 81 81 80
81 81 80 81 81 86 86 86 86 86
86 86 86 86 86 86 86 86 86 86
188 188 5 17 162 162 162 162 162 162
162 162 162 162 161 162 161 161 161 161
162 162 162 162 162 162 162 162 162 162
162 162 162 162 162 162 162 162 162 162
162 162 162 162 162 162 162 162 162 162
162 162 161 162 161 161 162 162 162 162
162 80 81 81 80 81 81 81 81 80
81 81 80 81 86 86 86 86 86 86
86 86 86 86 86 86 86 86 86 188
46 76 23 98 5 48 162 162 162 162
162 162 162 162 162 162 162 162 162 162
162 162 162 162 162 162 162 162 162 162
162 162 162 162 162 162 162 162 162 162
162 162 162 162 162 162 162 162 162 162
162 162 162 162 162 81 80 81 81 80
81 81 80 81 81 80 81 81 86 86
86 86 86 86 86 86 86 86 86 86
86 5 5 46 46 46 46 98 162 162
162 162 162 162 162 162 162 162 162 162
162 162 162 162 162 162 162 162 162 162
162 162 162 162 161 162 161 161 161 162
162 162 162 162 162 162 162 162 162 162
162 162 162 162 162 162 162 162 162 81
81 81 81 81 81 77 81 77 187 80
80 86 86 86 86 86 86 86 86 86
86 86 86 86 86 5 5 188 46 76
23 46 162 162 162 162 162 162 162 162
162 162 162 162 162 162 162 162 162 162
162 162 162 162 162 162 162 162 162 162
162 162 162 162 162 162 162 162 162 162
162 162 162 162 162 162 162 162 162 162
80 81 81 80 81 81 80 81 81 80
81 81 81 80 82 82 83 84 83 84
86 86 86 86 86 86 86 86 86 86
86 86 86 163 164 165 167 195 169 175
167 167 160 160 191 192 192 193 193 193
191 174 194 5 5 188 98 46 46 46
162 162 162 162 162 162 162 162 162 162
162 162 161 162 161 161 161 161 161 162
161 162 161 161 161 161 162 162 162 162
162 162 162 162 162 162 162 162 162 162
162 162 162 162 162 162 162 162 81 81
81 80 81 81 81 80 81 81 81 81
77 191 82 86 86 86 85 86 85 85
85 86 86 86 86 25 165 167 167 167
177 167 5 5 188 46 46 162 162 162
162 162 162 162 162 162 162 162 162 162
162 162 162 162 162 162 162 162 162 162
162 162 162 162 162 162 162 162 162 162
162 162 162 162 161 162 161 161 161 161
161 161 161 161 81 77 77 77 77 77
77 86 86 86 86 86 86 86 86 86
86 86 86 86 86 86 5 5 76 98
23 98 23 46 46 161 161 161 162 162
162 162 162 162 162 162 162 162 162 162
162 162 162 162 162 162 162 162 162 162
162 162 162 162 162 162 162 162 162 162
162 162 162 162 162 162 162 162 162 162
162 162 77 77 189 77 77 86 86 86
86 86 86 86 86 86 86 86 86 86
86 86 5 5 46 46 46 213 162 162
162 162 162 162 162 162 162 162 162 162
162 162 162 162 162 162 162 162 162 162
162 162 162 162 162 162 162 162 162 162
162 162 162 162 162 162 162 162 162 162
162 162 162 162 162 162 162 162 161 162
190 111 77 80 80 81 81 81 81 80
81 81 86 86 86 86 86 86 86 86
86 86 86 86 86 179 179 188 46 46
161 161 162 162 162 162 162 162 162 162
162 162 162 162 162 162 162 162 162 162
162 162 162 162 162 162 162 162 162 162
162 162 162 162 162 162 162 162 162 162
162 162 162 162 162 162 162 162 162 162
162 162 162 162 162 162 162 81 81 80
80 81 81 80 81 81 81 80 80 81
81 86 86 86 86 86 86 86 86 86
86 86 85 86 85 179 5 46 46 46
46 162 162 161 162 161 161 161 161 161
161 161 161 161 161 161 162 162 162 162
81 81 81 80 81 81 81 81 81 81
81 77 81 162 162 162 162 162 162 162
162 161 162 161 161 161 161 161 161 161
161 85 86 86 86 86 86 86 86 86
86 86 86 86 86 86 5 5 98 76
76 23 98 98 76 98 161 161 162 162
162 162 162 162 162 162 162 162 162 162
162 162 162 162 162 162 162 162 161 162
161 92 182 192 161 161 161 161 161 161
162 162 162 162 162 162 162 162 162 162
162 162 162 82 86 86 86 86 86 86
86 86 86 86 86 86 86 86 86 85
86 198 199 200 177 167 5 19 98 98
88 23 76 23 23 46 162 162 162 162
162 162 162 162 162 162 162 162 162 162
162 162 162 162 162 162 162 162 162 162
162 162 162 162 162 162 162 162 162 162
162 162 161 162 161 161 162 162 162 162
162 162 162 162 162 162 162 162 162 85
86 86 86 86 86 86 86 86 86 86
86 86 86 25 5 25 5 23 197 197
162 162 162 162 162 162 162 162 162 162
162 162 162 162 162 162 162 162 162 162
162 162 162 161 162 161 161 161 162 162
162 162 162 162 162 162 162 162 162 162
162 162 162 162 162 162 162 162 162 162
162 162 162 162 162 162 162 162 162 162
86 86 86 86 86 86 86 86 86 86
86 86 86 86 86 25 25 161 162 161
161 162 162 162 162 162 162 162 162 162
162 162 162 162 162 162 162 162 162 162
162 162 162 162 162 162 162 162 162 162
162 162 162 162 162 162 162 162 162 162
162 161 162 161 161 86 86 86 86 85
86 85 85 86 86 86 86 86 86 25
161 162 162 162 162 162 162 162 162 162
162 162 162 162 162 162 162 162 162 162
162 162 162 162 162 162 162 162 162 162
162 162 162 162 162 162 162 162 162 162
162 161 162 161 161 161 86 86 86 86
86 86 86 86 86 86 86 86 86 25
25 161 161 161 161 162 162 162 162 162
162 162 162 162 162 162 162 162 162 162
162 162 162 162 162 162 162 162 162 162
162 162 162 162 162 162 162 161 162 161
161 161 86 86 86 86 86 86 86 86
86 86 86 86 86 86 86 25 25 86
86 86 86 86 86 86 86 86 86 86
86 86 86 86 25 5 86 86 86 86
86 86 86 86 86 86 86 86 85 86
25 26 26 26 85 85 86 86 86 86
86 86 86 86 86 86 86 86 86 86
86 86 86 86 86 86 86 86 86 86
86 85 86 85 85 85 85 86 86 86
86 86 86 86 86 86 86 86 86 86
86 86 86 86 86 86 86 86 86 86
86 86 85 86 85 85 85 86 86 86
86 86 86 86 86 86 86 86 86 86
86 86 86 86 172 204 86 86 86 86
86 86 86 86 85 86 85 85 85 86
179 86 86 86 86 86 86 86 86 86
86 86 86 86 86 86 179 86 86 86
86 86 86 86 86 86 86 86 86 86
86 86 86 172 5 179 85 86 85 85
85 85 85 85 85 85 86 86 86 86
86 86 86 86 86 86 86 86 21 24
24 23 86 86 86 86 86 86 86 86
86 86 86 86 86 86 86 22 24 172
204 86 86 86 86 86 86 86 86 85
86 85 85 179 179 85 85 85 86 86
86 86 86 86 86 86 86 86 86 86
86 86 86 86 86 86 86 86 86 86
86 86 86 86 86 86 86 86 86 86
86 86 86 85 86 85 85 85 85 85
86 86 86 86 86 86 86 86 86 86
86 86 86 86 86 86 86 86 86 86
86 86 86 86 86 86 86 86 86 86
86 85 86 85 85 5 85 85 86 86
86 86 86 86 86 86 86 86 86 86
86 86 86 86 86 86 86 86 86 86
86 86 86 86 86 86 86 86 86 86
86 86 86 86 85 86 85 85 14 86
86 86 86 86 86 86 86 86 86 86
86 86 86 86 86 86 86 86 86 86
86 86 86 86 86 86 86 86 85 86
85 86 86 86 86 86 86 86 86 86
86 86 86 86 86 86 86 86 86 86
86 86 86 86 86 86 86 86 86 86
86 86 86 85 86 85 86 86 86 86
86 86 86 86 86 86 86 86 86 86
86 86 86 86 86 86 86 86 86 86
86 86 86 86 86 85 86 85 86 86
86 86 86 86 86 86 86 86 86 86
86 86 86 86 86 86 86 86 86 86
86 86 86 86 86 86 86 86 86 86
85 86 5 5 5 17 13 17 82 82
83 84 83 84 85 85 86 86 86 86
86 86 86 86 86 86 86 86 48 17
13 13 88 23 76 23 23 186 46 98
44 44 44 191 193 193 192 191 214 161
161 162 162 162 162 162 162 162 161 162
161 160 160 163 164 165 167 195 169 175
167 167 83 84 82 82 82 83 86 86
86 86 86 86 86 86 86 86 86 86
86 86 86 24 24 5 46 76 46 76
188 76 46 98 191 215 181 161 161 161
161 161 161 161 161 161 162 162 162 162
162 162 162 162 162 162 162 162 162 162
162 162 162 162 162 162 162 162 162 162
162 162 162 162 162 162 162 162 162 162
162 162 162 162 162 162 162 162 162 162
162 162 162 162 162 161 162 161 161 161
161 160 160 25 165 167 167 177 167 167
170 84 83 84 83 84 86 86 86 86
86 86 85 86 85 85 85 85 18 5
18 5 13 46 98 46 23 46 23 98
77 77 77 101 101 101 111 2 3 4
4 161 162 162 162 162 162 162 162 162
162 162 162 162 162 162 162 162 162 162
162 162 162 162 162 162 162 161 162 161
161 162 162 162 162 162 162 162 162 162
162 162 162 162 162 162 162 162 162 162
162 162 162 162 162 162 162 177 167 163
164 165 167 210 167 165 82 83 84 82
47 5 24 5 85 86 86 86 86 86
86 86 86 86 86 86 86 86 86 98
46 46 46 46 76 76 23 77 80 81
81 77 81 3 4 4 3 4 162 162
162 162 162 162 162 162 162 162 161 162
161 161 162 162 162 162 162 162 162 162
161 162 161 161 161 161 161 162 162 162
162 162 162 162 162 162 162 162 162 162
162 162 162 162 162 162 162 162 162 162
162 162 162 2 3 167 78 177 167 167
175 179 179 86 86 86 86 86 86 86
86 86 86 86 86 86 86 86 86 76
88 23 76 23 23 46 46 4 14 162
162 162 162 162 162 161 162 161 161 161
161 4 4 161 162 162 162 162 162 162
162 162 162 162 162 162 162 162 162 162
162 162 162 162 162 162 162 162 162 162
162 162 162 162 162 162 162 162 162 162
162 162 162 162 162 162 162 5 5 86
86 86 85 86 85 85 85 85 85 86
46 98 46 76 23 46 46 162 162 162
162 162 162 162 162 162 162 162 162 162
162 161 162 161 161 162 162 162 162 162
162 162 162 162 162 162 162 162 162 161
162 161 161 161 161 161 161 161 161 161
161 162 162 162 162 162 5 13 13 5
24 86 86 86 86 86 86 86 86 86
86 86 86 86 86 98 46 76 88 98
23 98 162 162 162 162 162 162 162 162
162 162 162 162 162 162 162 162 162 162
162 162 162 162 162 162 162 162 162 161
162 161 161 162 162 162 162 162 162 162
162 162 162 162 162 162 162 162 162 162
162 162 162 162 162 162 162 162 17 24
13 48 24 86 86 86 86 86 86 86
86 86 86 86 86 86 86 86 46 46
46 98 46 76 23 162 162 162 162 162
162 162 162 162 162 162 162 162 162 162
161 162 161 161 161 162 162 162 162 162
162 162 162 162 162 162 162 162 162 162
162 162 162 162 162 162 162 162 162 162
162 162 162 17 18 13 13 5 18 86
86 86 86 86 86 85 86 85 85 85
46 46 98 46 98 46 76 13 5 47
5 24 6 7 8 162 162 162 162 162
162 162 162 162 162 162 162 161 162 161
161 161 162 162 162 162 162 162 162 162
162 162 162 162 162 162 162 162 162 162
162 162 162 162 162 162 162 162 162 162
162 162 162 162 162 162 162 162 162 162
162 85 85 85 86 86 86 86 86 86
86 86 23 46 46 98 46 197 98 76
9 7 9 11 10 24 24 13 162 162
162 162 162 162 162 162 162 162 162 162
162 162 162 162 162 162 161 162 161 161
161 161 161 161 161 161 161 161 161 161
161 161 161 161 86 86 86 86 86 86
86 86 86 86 86 86 86 86 86 86
76 76 23 46 98 76 98 13 18 13
18 161 161 161 162 162 162 162 161 162
161 161 161 161 161 161 161 161 86 86
86 86 86 86 86 86 86 86 86 86
85 86 161 161 162 162 162 162 162 162
162 162 162 162 162 162 162 162 162 162
162 162 162 162 162 162 162 162 162 162
162 162 162 98 47 24 85 85 86 86
86 86 86 86 86 86 86 86 86 86
162 162 162 162 162 161 162 161 161 161
161 161 161 162 162 162 162 162 162 162
162 162 162 162 162 162 162 162 162 162
162 162 162 162 162 162 162 161 162 161
161 162 162 162 162 161 162 161 161 161
18 13 18 13 13 86 86 86 86 86
86 86 86 86 86 86 86 86 86 86
86 161 161 161 161 161 161 161 162 162
162 162 162 162 162 162 162 162 162 162
162 162 162 161 162 161 161 161 161 161
161 161 161 161 162 162 162 162 162 162
162 47 86 85 86 85 86 86 86 86
86 86 86 86 86 86 86 162 162 162
162 162 162 162 162 162 162 162 162 162
162 162 162 162 162 162 162 162 161 162
161 161 161 161 161 161 161 161 14 86
86 86 86 86 86 86 86 86 86 86
86 86 86 86 13 13 5 86 86 86
86 86 86 85 86 85 85 86 86 86
86 86 17 24 5 49 86 86 86 86
86 86 86 86 86 86 86 86 86 86
86 18 13 18 86 86 86 86 86 86
86 86 86 86 86 86 85 86 85 47
24 13 13 85 85 85 85 86 86 86
86 86 86 86 3 4 4 2 3 24
18 13 86 86 86 86 86 86 86 86
86 86 86 86 86 86 86 86 4 4
18 47 86 86 86 86 86 86 85 86
85 86 86 86 86 86 86 24 5 24
5 13 13 86 86 86 86 86 86 86
86 86 86 86 86 86 86 86 86 24
5 13 24 86 86 86 86 86 86 86
86 86 86 85 86 85 24 24 85 85
85 86 86 86 86 86 86 86 86 24
24 86 86 86 86 86 86 86 86 86
86 86 86 86 86 86 24 24 86 86
86 86 86 86 86 86 86 86 86 86
86 85 86 24 24 85 85 85 85 85
85 86 86 86 86 24 24 86 86 86
86 86 86 86 86 86 86 86 86 86
86 86 24 24 86 86 86 86 86 85
86 85 85 85 85 24 24 5 85 85
86 86 86 86 86 86 86 86 86 86
86 24 17 24 5 86 86 86 86 86
86 86 86 86 86 86 86 86 86 86
86 24 24 86 86 86 86 86 86 86
85 86 85 85 86 86 24 24 86 86
86 86 86 86 86 86 86 86 86 86
86 86 86 86 24 24 86 86 86 85
86 85 86 86 86 86 86 86 86 86
86 24 24 13 13 24 5 86 86 86
86 86 86 86 86 86 86 86 86 86
86 86 85 24 24 86 85 85 85 85
85 86 86 86 85 86 24 85 85 85
85 85 86 86 86 86 86 86 24 18
86 86 86 86 86 86 86 86 86 86
86 86 86 18 47 86 86 86 86 86
86 86 86 86 85 86 85 85 18 18
47 5 5 5 50 17 13 24 24 24
24 13 13 24 24 5 24 24 24 24
18 18 47 13 13 13 27 28 17 13
24 24 24 172 172 27 28 24 24 179
13 29 13 13 24 29 29 179 24 24
24 29 29 24 18 24 23 29 29 22
21 18 24 47 24 29 29 172 172 29
29 29 29 179 179 29 29 29 29 13
13 35 13 29 29 51 216 217 29 29
29 29 29 36 29 29 29 29 37 29
38 39 40 41 140 3 4 4 2 3
3 4 4 2 4 4 3 4 4 5
5 5 6 7 8 9 7 10 9 11
55 3 4 4 2 3 4 4 5 5
5 161 161 161 161 162 162 162 162 162
162 162 160 82 83 84 85 85 85 85
85 85 24 77 77 77 77 77 80 81
81 80 81 81 170 171 172 172 171 174
162 162 162 162 162 162 162 162 162 162
162 162 162 162 162 162 162 162 162 162
162 162 162 162 162 162 162 162 162 162
162 162 162 162 162 162 162 162 162 162
162 162 162 162 162 162 162 162 162 162
162 162 162 162 162 162 162 162 162 162
162 162 162 162 162 162 162 162 162 162
162 162 162 162 162 162 162 162 162 160
160 163 164 165 166 167 167 168 169 169
82 83 84 85 85 86 86 86 86 86
86 86 86 86 86 86 86 17 170 174
181 196 196 44 196 81 81 80 80 81
81 81 81 80 81 80 80 81 88 23
76 23 46 23 46 98 162 162 162 162
162 162 162 162 162 162 162 162 162 162
162 162 162 162 162 162 162 162 162 162
162 162 162 162 162 162 162 162 162 162
162 162 162 162 162 162 162 162 162 161
162 161 161 162 162 162 162 162 162 162
162 162 162 162 162 162 162 162 162 162
162 162 162 162 162 162 162 162 162 162
162 161 162 161 161 175 167 165 167 176
87 177 167 175 44 82 83 84 86 86
86 86 86 86 86 86 86 86 86 86
86 86 86 179 179 96 81 81 81 81
81 81 81 81 81 80 80 81 46 46
78 186 78 46 88 76 161 161 161 161
161 161 161 161 161 161 161 161 161 161
161 161 161 161 161 161 161 161 161 161
161 161 161 161 161 162 162 162 162 162
162 162 162 162 162 162 162 162 162 162
162 162 162 162 162 162 162 162 178 178
86 86 86 86 86 86 86 86 86 86
86 86 86 86 179 179 173 81 81 80
81 81 81 81 81 81 81 81 80 96
46 45 46 46 46 46 46 46 46 162
162 162 162 162 162 162 162 162 162 162
162 162 162 162 162 162 162 162 162 162
162 162 162 162 162 162 162 162 162 162
162 162 162 162 162 162 162 162 162 162
162 162 162 162 162 162 162 162 162 162
162 162 162 162 162 162 162 162 162 162
162 162 162 162 162 162 162 162 162 162
162 162 162 162 162 162 162 86 86 86
86 86 86 86 86 85 86 85 85 5
17 81 81 81 81 80 81 81 81 81
81 81 80 81 80 46 46 46 76 46
45 98 162 162 162 162 162 162 162 162
162 162 162 162 162 162 162 162 162 162
162 162 162 162 162 162 162 162 162 161
162 161 161 161 161 161 161 161 161 161
161 161 161 85 85 85 86 86 86 86
86 86 86 86 5 48 81 81 80 81
81 80 81 81 80 81 81 80 81 188
188 161 161 161 161 161 162 162 162 162
162 162 162 162 162 162 162 162 162 162
162 162 162 162 162 162 162 162 162 162
162 162 162 162 162 162 162 162 162 162
162 162 162 162 162 162 162 162 162 162
162 162 162 162 86 86 86 86 86 86
86 86 86 86 86 86 86 86 5 5
81 80 81 81 80 81 81 80 81 81
80 81 81 46 188 162 162 162 162 162
162 162 162 162 162 161 162 161 161 161
161 162 162 162 162 162 162 162 162 162
162 162 162 162 162 162 162 162 162 162
162 162 162 162 162 162 162 162 162 162
162 162 162 161 162 161 161 162 162 162
162 162 86 86 86 86 86 86 86 86
86 86 86 86 86 86 86 5 5 80
81 81 80 81 81 81 81 80 81 81
80 81 188 188 162 162 162 162 162 162
162 162 162 162 162 162 162 162 162 162
162 162 162 162 162 162 162 162 162 162
162 162 162 162 162 162 162 162 162 162
162 162 162 162 162 162 162 162 162 162
162 162 162 86 86 86 86 86 86 86
86 86 86 86 86 86 86 86 5 5
81 80 81 81 80 81 81 80 81 81
80 81 81 188 46 76 23 98 162 162
162 162 162 162 162 162 162 162 162 162
162 162 162 162 162 162 162 162 162 162
162 162 162 162 161 162 161 161 161 162
162 162 162 162 162 162 162 162 162 162
162 162 162 162 162 162 162 162 162 86
86 86 86 86 86 86 86 86 86 86
86 86 5 17 81 81 81 81 81 81
77 81 77 187 80 80 46 46 46 46
98 160 162 162 162 162 162 162 162 162
162 162 162 162 162 162 162 162 162 162
162 162 162 162 162 162 162 162 162 162
162 162 162 162 162 162 162 162 162 162
162 162 162 162 162 162 162 162 162 162
82 82 83 84 83 84 86 86 86 86
86 86 86 86 86 86 86 86 86 86
5 80 81 81 80 81 81 80 81 81
80 81 81 81 80 191 192 192 193 193
193 191 214 194 188 46 76 23 46 160
163 164 165 167 195 169 175 167 167 162
162 162 162 162 162 162 162 162 162 162
162 161 162 161 161 161 161 161 162 161
162 161 161 161 161 162 162 162 162 162
162 162 162 162 162 162 162 162 162 162
162 162 162 162 162 162 162 82 86 86
86 86 86 86 86 86 86 86 86 86
86 5 5 191 81 81 81 80 81 81
81 80 81 81 81 81 77 188 98 46
46 46 25 165 167 167 167 177 167 162
162 162 162 162 162 162 162 162 162 162
162 162 162 162 162 162 162 162 162 162
162 162 162 162 162 162 162 162 162 162
162 162 162 162 162 162 161 162 161 161
161 161 161 161 161 161 86 86 86 85
86 85 85 85 86 86 86 86 5 179
81 77 77 77 77 77 77 188 46 46
161 161 161 162 162 162 162 162 162 162
162 162 162 162 162 162 162 162 162 162
162 162 162 162 162 162 162 162 162 162
162 162 162 162 162 162 162 162 162 162
162 162 162 162 162 162 162 86 86 86
86 86 86 86 86 86 86 86 86 86
86 86 179 179 77 77 189 77 77 76
98 23 98 23 46 46 162 162 162 162
162 162 162 162 162 162 162 162 162 162
162 162 162 162 162 162 162 162 162 162
162 162 162 162 162 162 162 162 162 162
162 162 162 162 162 162 162 162 162 162
162 162 162 162 162 162 161 162 86 86
86 86 86 86 86 86 86 86 86 86
86 86 86 5 5 190 111 77 80 80
81 81 81 81 80 81 81 46 46 46
213 161 161 162 162 162 162 162 162 162
162 162 162 162 162 162 162 162 162 162
162 162 162 162 162 162 162 162 162 162
162 162 162 162 162 162 162 162 162 162
162 162 162 162 162 162 162 162 162 162
162 162 162 162 162 162 162 162 86 86
86 86 86 86 86 86 86 86 86 86
86 5 5 78 102 81 81 80 80 81
81 80 81 81 81 80 80 81 81 188
46 46 162 162 161 162 161 161 161 161
161 161 161 161 161 161 161 162 162 162
162 162 162 162 162 162 162 162 162 161
162 161 161 161 161 161 161 161 161 17
47 86 86 86 86 86 86 86 86 86
86 86 85 86 85 81 81 81 80 81
81 81 81 81 81 81 77 81 46 46
46 46 161 161 162 162 162 162 162 162
162 162 162 162 162 162 162 162 162 162
162 162 162 162 161 162 161 161 161 161
161 161 161 162 162 162 162 162 162 162
162 162 162 162 162 162 82 85 86 86
86 86 86 86 86 86 86 86 86 86
86 86 92 44 192 98 76 76 23 98
76 98 98 198 199 200 177 167 19 5
162 162 162 162 162 162 162 162 162 162
162 162 162 162 162 162 162 162 162 162
162 162 162 162 162 162 162 162 162 162
162 162 162 162 162 162 161 162 161 161
162 162 162 162 162 162 162 162 162 162
162 162 162 86 86 86 86 86 86 86
86 86 86 86 86 86 86 86 85 86
98 98 88 23 76 23 23 46 5 85
86 86 86 86 86 86 86 86 86 86
86 86 86 162 162 162 162 162 162 162
162 162 162 162 162 162 162 162 162 162
162 162 162 162 162 162 161 162 161 161
161 162 162 162 162 162 162 162 162 162
162 162 162 162 162 162 162 162 162 162
162 162 162 162 162 162 162 162 162 162
162 162 162 23 197 197 56 57 218 86
86 86 86 86 86 86 86 86 86 86
86 86 86 86 161 162 161 161 162 162
162 162 162 162 162 162 162 162 162 162
162 162 162 162 162 162 162 162 162 162
162 162 162 162 162 162 162 162 162 162
162 162 162 162 162 162 162 162 161 162
161 161 86 86 86 86 85 86 85 85
86 86 86 86 86 86 161 162 162 162
162 162 162 162 162 162 162 162 162 162
162 162 162 162 162 162 162 162 162 162
162 162 162 162 162 162 162 162 162 162
162 162 162 162 162 162 162 161 162 161
161 161 86 86 86 86 86 86 86 86
86 86 86 86 86 161 161 161 161 162
162 162 162 162 162 162 162 162 162 162
162 162 162 162 162 162 162 162 162 162
162 162 162 162 162 162 162 162 162 162
162 161 162 161 161 161 86 86 86 86
86 86 86 86 86 86 86 86 86 86
86 86 86 86 86 86 86 86 86 86
86 86 86 86 86 86 14 86 86 86
86 86 86 86 86 86 86 86 86 85
86 59 85 85 86 86 86 86 86 86
86 86 86 86 86 86 86 86 86 86
86 86 86 86 86 86 86 86 86 85
86 85 85 85 85 86 86 86 86 86
86 86 86 86 86 86 86 86 86 86
86 86 86 86 86 86 86 86 86 86
85 86 85 85 85 86 86 86 86 86
86 86 86 86 86 86 86 86 86 86
86 86 86 86 86 86 86 86 86 86
85 86 85 85 85 86 86 86 86 86
86 86 86 86 86 86 86 86 86 86
86 86 86 86 86 86 86 86 86 86
86 86 86 86 86 86 86 85 86 85
85 85 85 85 85 85 85 86 86 86
86 86 86 86 86 86 86 86 86 86
86 86 86 86 86 86 86 86 86 86
86 86 86 86 86 86 86 86 86 86
86 86 85 86 85 85 85 85 85 86
86 86 86 86 86 86 86 86 86 86
86 86 86 86 86 86 86 86 86 86
86 86 86 86 86 86 86 86 86 86
86 86 86 86 85 86 85 85 85 85
85 86 86 86 86 86 86 86 86 86
86 86 86 86 86 86 86 86 86 86
86 86 86 172 172 179 86 86 86 86
86 86 86 86 86 85 86 85 85 179
85 85 86 86 86 86 86 86 86 86
86 86 86 86 86 86 86 86 86 86
86 86 86 86 86 86 86 86 86 24
86 86 86 86 86 86 86 86 86 85
86 85 85 23 22 21 24 24 86 86
86 86 86 86 86 86 86 86 86 86
86 86 86 86 86 86 86 86 86 86
86 86 86 86 86 86 86 85 86 172
172 85 86 86 86 86 86 86 86 86
86 86 86 86 86 179 179 86 86 86
86 86 86 86 86 86 86 86 86 86
86 86 86 86 86 86 85 86 85 86
86 86 86 86 86 86 86 86 86 86
86 86 86 86 86 86 86 86 86 86
86 86 86 86 86 86 86 86 85 86
85 86 86 86 86 86 86 86 86 86
86 86 86 86 86 86 86 86 86 86
86 86 86 86 86 86 86 86 86 86
86 86 86 85 86 2 3 4 4 3
4 4 3 4 2 3 4 4 54 5
5 40 5 40 40 40 29 40 40 40
29 38 38 29 38 38 6 7 8 9
7 10 9 11 29 38 38 51 29 38
29 38 13 29 29 29 39 40 41 29
39 40 41 41 40 39 64 29 23 45
46 46 45 76 13 35 13 13 35 35
13 77 77 78 79 77 80 81 81 81
81 80 29 29 46 76 46 46 76 76
23 87 82 83 84 85 85 86 86 86
86 86 86 86 86 86 86 86 86 86
145 146 147 80 219 148 80 80 149 150
151 152 220 35 13 13 13 13 13 35
80 81 81 81 81 81 81 80 81 81
81 81 81 37 29 38 38 37 29 38
88 78 76 23 23 46 45 46 86 86
86 86 86 86 86 86 86 86 86 86
86 86 86 152 155 151 156 146 147 80
151 152 155 151 13 13 24 35 13 13
35 77 81 77 77 99 99 77 38 29
29 38 38 29 38 97 46 46 46 46
46 46 46 86 86 86 86 85 86 85
85 85 85 13 13 13 13 13 77 101
101 99 38 29 38 38 51 29 111 29
97 46 46 18 98 102 76 85 85 86
86 86 86 86 86 86 86 85 86 85
13 13 13 13 77 77 77 80 81 81
81 81 81 81 81 77 38 38 29 38
38 29 38 46 23 98 102 98 102 85
86 86 86 86 86 85 86 85 86 85
86 85 13 13 13 13 81 77 77 79
77 80 81 81 81 81 77 81 38 51
38 29 37 29 38 37 76 23 98 102
98 102 85 86 86 86 86 86 86 86
86 86 86 86 86 86 86 13 13 13
13 77 77 99 77 80 81 81 81 77
81 29 38 38 29 29 38 37 29 76
23 98 102 45 28 86 86 86 86 86
86 86 86 86 86 86 85 86 85 3
4 4 24 5 5 5 48 48 2 54
77 77 77 77 77 221 80 38 38 29
29 38 37 29 38 76 45 28 76 23
102 85 85 85 86 86 86 86 86 86
86 86 86 48 13 48 48 49 4 4
80 81 81 81 77 81 77 101 77 38
29 29 38 29 29 105 106 107 108 109
110 23 28 28 102 98 45 86 86 86
86 86 86 86 86 86 86 86 86 86
24 5 99 77 99 77 80 81 81 81
29 105 29 38 38 29 76 85 86 85
85 85 86 86 86 86 86 86 86 5
15 5 14 80 81 80 80 81 81 81
81 81 81 80 81 38 38 29 38 38
51 38 86 86 86 86 86 85 86 29
29 29 29 38 29 29 81 81 81 81
81 81 77 81 77 221 80 81 81 13
13 35 13 29 81 96 96 96 96 96
96 96 81 96 81 81 96 96 96 128
128 17 29 37 29 38 96 81 81 81
81 81 81 81 81 96 81 81 81 81
81 77 17 128 128 81 221 80 80 81
81 81 81 77 81 77 17 17 40 40
79 99 99 77 80 81 81 81 81 80
41 41 41 41 39 40 40 80 81 81
81 81 81 81 77 81 77 77 77 5
40 40 39 40 41 41 77 80 81 81
77 81 77 77 77 79 77 17 5 40
39 64 80 81 81 81 80 80 81 81
81 81 81 81 77 81 77 77 13 13
13 13 13 13 13 13 13 35 35 13
39 40 41 39 40 41 39 40 41 39
40 41 41 40 39 64 39 40 41 41
40 39 64 39 40 41 39 40 41 41
40 39 64 39 40 41 41 40 39 64
39 40 41 39 40 41 39 40 41 39
40 41 39 40 41 39 40 41 39 40
41 39 40 41 39 40 41 41 40 39
64 39 40 41 41 40 39 64 39 40
41 41 40 39 64 39 40 41 40 40
40 41 41 41 41 40 40 41 41 41
41 40 40 41 41 41 41 40 40 41
41 41 41 40 40 41 41 41 41 40
40 41 41 41 41 40 40 41 41 41
41 40 40 41 41 41 41 40 40 40
40 40 40 40 40 40 40 40 40 40
40 40 40 40 40 40 40 40 40 40
40 40 40 25 40 40 40 40 40 40
40 41 25 25 25 40 111 41 40 41
41 39 41 40 19 25 111 41 40 41
41 40 25 25 25 25 25 25 26 26
26 172 172 20 13 179 14 179 24 22
21 23 24 24 172 172 179 179 3 4
4 2 3 2 3 4 4 4 4 3
5 5 4 4 5 6 7 8 9 9
7 10 11 27 28 2 3 4 4 3
5 4 4 5 5 128 128 17 128 28
17 17 17 30 30 31 32 33 34 29
29 29 29 5 17 5 14 14 14 42
43 172 204 179 179 24 24 22 21 23
24 172 204 179 179 14 44 23 45 46
5 3 4 4 2 3 4 3 4 4
2 3 4 4 4 5 5 5 82 85
85 86 86 86 86 86 86 86 86 86
86 86 86 161 161 162 162 162 162 162
162 162 162 162 162 162 162 160 83 84
86 86 86 86 86 86 86 86 86 86
86 86 86 86 86 162 162 162 162 162
162 162 162 162 162 162 162 162 162 162
86 86 86 86 86 86 86 86 85 86
85 85 6 7 8 9 7 9 11 10
162 162 162 162 162 162 162 162 162 162
162 161 162 161 85 85 85 161 161 161
161 161 161 161 161 161 162 162 162 162
162 162 162 13 222 223 162 162 162 162
162 162 162 162 162 162 162 162 162 162
162 162 162 162 162 162 162 162 162 162
162 162 162 162 162 162 162 162 162 162
162 162 162 162 162 162 162 162 162 162
162 162 162 162 161 162 161 161 14 2
3 3 4 4 4 4 5 5 5 128
128 17 17 128 128 17 17 14 5 17
5 172 172 179 179 24 24 22 23 21
24 172 172 179 179 14 3 4 4 2
3 2 3 4 4 4 4 14 3 4
5 4 5 5 6 7 8 9 9 11
7 10 14 2 3 4 4 3 4 4
5 5 5 128 128 17 17 128 128 17
17 5 17 5 5 5 17 5 5 5
5 5 50 5 5 5 27 28 27 28
172 172 25 179 25 179 25 24 25 23
22 21 24 25 24 25 25 25 25 25
172 172 13 25 179 26 26 26 179 13
13 13 13 23 45 98 45 45 46 37
29 38 37 29 38 36 13 13 35 224
23 98 76 18 23 18 39 40 41 37
29 38 13 13 13 35 13 98 46 37
29 38 37 29 38 38 13 13 35 13
13 29 29 38 38 37 29 38 13 35
13 13 13 35 13 140 29 29 38 38
38 51 29 38 35 13 35 13 13 13
35 13 29 29 38 37 29 38 38 35
13 35 13 13 13 35 13 29 29 38
38 37 29 38 35 13 35 13 13 13
35 13 37 29 38 38 29 29 38 35
13 35 13 13 13 35 13 38 37 29
38 37 29 38 13 13 13 13 38 29
29 38 38 37 29 38 37 29 38 38
29 29 38 38 38 51 29 38 38 29
29 38 38 39 40 41 29 29 38 38
38 51 29 38 29 29 38 29 29 38
38 38 51 29 38 29 29 38 29 29
38 38 38 51 29 38 13 13 35 13
36 38 29 29 38 39 40 41 39 40
41 39 40 41 39 40 41 39 40 41
39 40 41 39 40 41 41 40 39 64
40 40 41 41 41 41 39 3 4 4
2 40 40 40 40 39 40 41 3 4
3 4 4 2 3 39 40 41 39 40
41 39 4 5 4 4 40 41 39 40
41 39 40 5 5 41 39 40 41 39
40 41 39 40 41 39 40 41 39 40
41 39 40 41 41 40 39 6 7 8
9 9 11 7 10 64 39 40 41 39
40 41 41 40 39 64 39 40 41 39
55 40 41 41 40 39 64 39 40 41
39 40 41 41 40 39 64 40 40 41
41 41 41 40 40 41 41 41 41 40
40 41 41 41 41 40 40 41 41 41
41 40 40 40 40 40 40 40 40 40
40 40 40 40 40 40 40 41 40 111
3 4 4 2 3 41 37 29 38 39
40 41 4 63 40 41 41 39 41 40
111 41 40 5 5 41 41 40 5 178
178 175 178 167 25 82 85 86 86 86
86 86 86 86 86 86 86 86 86 86
86 191 191 191 5 5 161 161 161 162
162 162 162 162 162 162 162 162 162 162
165 167 167 177 167 83 84 86 86 86
86 86 86 86 86 86 86 86 86 86
86 86 85 86 5 162 162 162 162 162
162 162 162 162 162 162 162 162 162 162
85 86 86 86 86 86 86 86 86 86
86 86 86 86 128 128 17 162 162 162
162 162 162 161 162 161 161 161 161 128
128 86 86 86 86 86 86 86 86 86
86 86 86 86 86 86 17 17 161 162
162 162 162 162 162 162 162 162 162 162
162 162 162 86 86 86 86 85 86 85
85 17 5 162 162 162 162 162 162 162
162 162 162 162 162 162 162 162 17 5
162 162 162 162 162 162 162 162 162 162
162 162 162 162 162 162 162 162 162 162
162 162 162 162 162 162 162 162 161 162
14 59 64 225 226 172 172 179 179 22
23 24 24 21 24 172 172 179 179 3
4 4 2 3 2 3 4 4 4 4
3 63 