2 6 14 23 59 675 211 192 168 255 129  
2 6 14 23 59 674 230 192 168 255 129  
2 6 14 23 59 674 232 192 168 255 129  
2 6 14 23 59 690 235 192 168 255 129  
2 6 14 23 59 690 236 192 168 255 129  
2 6 14 23 59 690 237 192 168 255 129  
2 6 14 23 59 690 3809 192 260 255 129  
2 6 14 33 59 690 3 192 168 255 129  
4 6 14 23 59 690 13 192 168 255 129  
2 6 14 23 59 690 16 192 168 255 129  
2 6 14 23 59 690 19 192 168 255 129  
2 6 14 23 59 721 58 192 168 255 129  
2 6 14 24 0 243 207 192 168 255 129  
2 6 14 23 59 728 233 192 168 255 129  
2 6 14 23 59 731 217 192 168 255 129  
2 6 14 24 0 321 154 192 168 255 129  
2 6 14 24 0 368 205 192 168 255 129  
2 6 14 23 23 367 195 192 168 255 129  
2 6 14 23 59 821 92 192 168 255 129  
2 6 14 23 46 303 21 192 168 255 129  
2 6 14 23 46 303 21 192 168 255 129  
2 6 14 23 23 367 195 192 168 255 129  
2 6 14 23 23 382 242 192 168 255 129  
2 6 14 23 59 861 136 192 168 255 129  
2 6 14 23 59 888 178 192 168 255 129  
2 6 14 23 12 599 42 192 168 255 129  
2 6 14 23 59 935 1 192 168 255 129  
2 6 14 23 59 935 2 192 168 255 129  
2 6 14 23 59 935 72 192 168 255 129  
2 6 14 23 59 973 34 192 168 255 129  
2 6 14 23 46 303 20 192 168 255 129  
2 6 14 23 13 244 232 192 168 255 129  
