2 6 14 23 59 674 233 192 168 255 129  
2 6 14 23 59 674 234 192 168 255 129  
2 6 14 23 59 690 18 192 168 255 129  
2 6 14 23 59 690 20 192 168 255 129  
2 6 14 23 59 690 175 192 168 255 192  
2 6 14 23 59 690 185 192 168 255 128  
2 6 14 23 59 756 23 192 168 255 130  
2 6 14 23 12 606 111 192 168 255 129  
2 6 14 23 59 821 91 192 168 255 129  
2 6 14 23 59 821 94 192 168 255 129  
2 6 14 23 59 881 176 192 168 255 129  
2 6 14 23 59 904 79 192 168 255 129  
2 6 14 23 59 904 80 192 168 255 129  
2 6 14 23 59 904 170 192 168 255 129  
2 6 14 23 59 904 79 192 168 255 129  
2 6 14 23 59 904 79 192 168 255 129  
2 6 14 23 59 919 171 192 168 255 129  
2 6 14 23 59 935 117 192 168 255 129  
2 6 14 23 13 509 40 192 168 255 129  
2 6 14 23 59 973 81 192 168 255 129  
2 6 14 23 59 973 82 192 168 255 129  
2 6 14 23 59 973 175 192 168 255 129  
2 6 14 23 59 973 175 192 168 255 129  
2 6 14 23 59 973 176 192 168 255 129  
2 6 14 23 13 509 37 192 168 255 129  
