2 6 0 0 0 0 169 1  
2 6 0 0 0 0 176 1  
2 6 0 0 0 0 177 1  
2 6 0 0 0 0 178 1  
2 6 0 0 0 0 184 1  
2 6 0 0 0 0 186 1  
2 6 0 0 0 0 189 1  
2 6 0 0 0 0 192 1  
2 6 0 0 0 0 194 1  
2 6 0 0 0 0 196 1  
2 6 0 0 0 0 198 1  
2 6 0 0 0 0 202 1  
2 6 0 0 0 0 229 1  
2 6 0 0 0 0 236 1  
2 6 0 0 0 0 237 1  
2 6 0 0 0 0 5 1  
2 6 0 0 0 0 12 1  
2 6 0 -1 59 388 14 1  
2 6 0 0 0 0 35 1  
2 6 0 0 0 16 42 1  
2 6 0 0 0 0 43 1  
2 6 0 0 0 0 44 1  
2 6 0 0 0 0 63 1  
2 6 0 0 0 0 64 1  
2 6 0 0 0 0 66 1  
2 6 0 0 0 0 68 1  
2 6 0 0 0 0 72 1  
2 6 0 0 0 0 74 1  
2 6 0 0 0 0 76 1  
2 6 0 0 0 0 78 1  
2 6 0 0 0 0 105 1  
2 6 0 0 0 0 106 1  
2 6 0 0 0 0 108 1  
2 6 0 0 0 0 110 1  
2 6 0 0 0 0 114 1  
2 6 0 0 0 0 116 1  
2 6 0 0 0 0 118 1  
2 6 0 0 0 0 120 1  
2 6 0 0 0 0 143 1  
2 6 0 0 0 0 147 1  
2 6 0 0 0 0 148 1  
2 6 0 0 0 0 150 1  
2 6 0 0 0 0 152 1  
2 6 0 0 0 0 156 1  
2 6 0 0 0 0 158 1  
2 6 0 0 0 0 160 1  
2 6 0 0 0 0 162 1  
2 6 0 0 0 0 166 1  
2 6 0 0 0 0 167 1  
2 6 0 0 0 0 189 1  
2 6 0 0 0 0 193 1  
2 6 0 0 0 0 194 1  
2 6 0 0 0 0 196 1  
2 6 0 0 0 0 198 1  
2 6 0 0 0 0 200 1  
2 6 0 0 0 0 202 1  
2 6 0 0 0 0 204 1  
2 6 0 0 0 0 221 1  
2 6 0 0 0 0 223 1  
2 6 0 0 0 0 225 1  
2 6 0 0 0 0 226 1  
2 6 0 0 0 0 228 1  
2 6 0 0 0 0 230 1  
2 6 0 0 0 0 232 1  
2 6 0 0 0 0 234 1  
2 6 0 0 0 0 236 1  
2 6 0 0 0 0 238 1  
2 6 0 0 0 0 240 1  
2 6 0 0 0 0 242 1  
2 6 0 0 0 0 244 1  
2 6 0 0 0 0 245 1  
2 6 0 0 0 0 6 1  
2 6 0 0 46 444 8 1  
2 6 0 0 0 0 9 1  
2 6 0 0 0 0 11 1  
2 6 0 0 0 0 13 1  
2 6 0 0 0 0 15 1  
2 6 0 0 0 0 17 1  
2 6 0 0 0 10 19 1  
2 6 0 0 0 0 21 1  
2 6 0 0 0 0 23 1  
2 6 0 0 0 0 27 1  
2 6 0 0 0 0 28 1  
2 6 0 0 0 0 40 1  
2 6 0 0 0 0 42 1  
2 6 0 0 0 0 43 1  
2 6 0 0 0 0 45 1  
2 6 0 0 13 670 47 1  
2 6 0 0 46 464 49 1  
2 6 0 0 0 0 51 1  
2 6 0 0 0 0 53 1  
2 6 0 0 0 0 55 1  
2 6 0 0 0 0 57 1  
