2 6 14 23 59 674 205 192 168 255 129  
2 6 14 23 59 674 213 192 168 255 129  
2 6 14 23 59 674 214 192 168 255 129  
2 6 14 23 59 674 215 192 168 255 129  
2 6 14 23 59 690 242 192 168 255 129  
2 6 14 23 59 690 246 192 168 255 129  
2 6 14 23 59 690 247 192 168 255 129  
2 6 14 23 59 690 249 192 168 255 129  
2 6 14 23 59 690 251 192 168 255 129  
2 6 14 23 59 690 253 192 168 255 129  
2 6 14 23 59 690 255 192 168 255 129  
2 6 14 23 59 690 2 192 168 255 129  
2 6 14 23 59 690 6 192 168 255 129  
2 6 14 23 59 690 7 192 168 255 129  
2 6 14 23 59 690 9 192 168 255 129  
2 6 14 23 59 690 11 192 168 255 129  
2 6 14 23 59 705 190 192 168 255 229  
2 6 14 23 59 605 200 192 168 255 129  
2 6 14 23 59 811 80 192 168 255 129  
2 6 14 23 59 871 161 192 168 255 129  
