2 6 0 0 0 0 202 1  
2 6 0 0 0 0 203 1  
2 6 0 0 0 0 204 1  
2 6 0 0 0 0 206 1  
2 6 0 0 0 0 207 1  
2 6 0 0 0 0 208 1  
2 6 0 0 0 0 209 1  
2 6 0 0 0 0 210 1  
2 6 0 0 0 -1 212 1  
2 6 0 0 0 0 216 1  
2 6 0 0 0 0 217 1  
2 6 0 0 0 0 218 1  
2 6 0 0 0 0 219 1  
2 6 0 0 0 0 220 1  
12 6 0 0 0 0 221 1  
2 6 0 0 0 0 222 1  
2 6 0 0 0 0 223 1  
2 6 0 0 0 0 224 1  
2 6 0 0 0 0 225 1  
2 6 0 0 0 0 226 1  
2 6 0 0 0 0 227 1  
2 6 0 0 0 0 228 1  
2 6 0 0 0 0 229 1  
6 6 0 0 0 0 231 1  
2 6 0 0 0 16 160 1  
2 6 0 0 0 0 161 1  
2 6 0 0 0 0 166 1  
2 6 0 0 0 0 168 1  
2 6 0 0 0 0 239 1  
2 6 0 0 0 0 240 1  
2 6 0 0 0 0 241 1  
2 6 0 0 0 0 243 1  
2 6 0 0 0 0 244 1  
2 6 0 0 0 0 245 1  
2 7 0 0 0 0 248 1  
2 6 0 0 0 0 250 1  
2 6 0 0 0 0 252 1  
2 6 0 0 0 0 254 1  
2 6 0 0 0 0 1 1  
2 6 0 -10 0 0 4 1  
2 6 0 0 0 0 5 1  
2 6 0 0 0 0 8 1  
2 6 0 0 0 0 10 1  
2 6 0 0 0 0 12 1  
2 6 0 0 0 0 14 1  
2 6 0 0 0 0 15 1  
2 6 0 0 0 0 17 1  
2 6 0 -1 59 410 219 1  
2 6 0 0 0 0 220 1  
2 6 0 0 0 0 221 1  
2 6 0 0 0 0 227 1  
2 16 0 0 0 0 228 1  
2 6 0 0 0 0 250 1  
2 6 0 0 0 0 251 1  
2 6 0 0 0 0 252 1  
2 6 0 0 0 0 4 1  
2 6 0 0 0 0 25 1  
2 6 0 0 0 0 26 1  
2 6 0 0 0 0 27 1  
2 6 0 0 0 0 30 2  
2 6 0 0 0 0 34 1  
2 6 0 0 0 0 40 1  
2 6 0 0 0 -16 40 1  
2 6 0 0 0 0 55 1  
2 6 0 0 0 0 97 1  
2 6 0 0 0 0 98 1  
2 6 0 0 0 0 139 1  
2 6 0 0 0 0 151 1  
2 6 0 0 0 1 181 1  
2 6 0 0 0 0 218 1  
2 6 0 0 0 0 239 1  
2 6 0 0 0 0 35 1  
