2 6 0 0 0 0 162 1  
2 6 0 0 0 0 163 1  
2 6 0 0 0 0 164 1  
2 6 0 0 0 0 165 1  
2 6 0 0 0 0 167 1  
2 6 0 0 0 0 170 1  
2 6 0 0 0 0 171 1  
2 6 0 0 0 0 172 1  
2 6 0 0 0 0 173 1  
2 6 0 0 0 0 174 1  
2 6 0 0 0 0 179 1  
2 6 0 0 0 0 180 1  
2 6 0 0 0 0 181 1  
2 6 0 0 0 0 182 1  
2 6 0 0 0 0 183 1  
2 6 0 0 0 0 187 1  
2 6 0 0 0 15 188 1  
2 6 0 0 0 0 191 1  
2 6 0 0 0 0 193 1  
2 6 0 0 0 0 195 1  
2 6 0 0 0 0 197 1  
2 6 0 0 0 0 199 1  
2 6 0 0 0 100 201 1  
2 6 0 0 0 0 203 1  
2 6 0 0 0 0 204 1  
2 6 0 0 0 0 205 1  
2 6 0 0 0 0 206 1  
2 6 0 0 0 0 207 1  
2 6 0 0 0 0 208 1  
2 6 0 -1 59 478 210 1  
2 6 0 0 0 0 211 1  
2 6 0 0 0 0 212 1  
2 6 0 0 0 0 213 1  
2 6 0 0 0 0 214 1  
2 6 0 0 0 0 216 1  
2 6 0 0 0 0 222 1  
2 6 0 0 0 0 223 1  
2 6 0 0 0 0 224 1  
2 6 0 0 0 0 225 1  
2 6 0 0 0 0 226 1  
2 6 0 0 0 10 230 1  
2 6 0 0 0 0 231 1  
2 6 0 0 0 0 232 1  
2 6 0 0 0 0 233 1  
2 6 0 0 0 0 234 1  
2 6 0 0 0 0 235 1  
12 6 0 0 0 0 238 1  
2 6 0 0 0 0 239 1  
2 6 0 0 0 0 240 1  
2 6 0 0 0 0 241 1  
2 6 0 0 0 0 242 1  
2 6 0 0 0 0 243 1  
2 6 0 0 0 0 245 1  
3 6 0 1 -59 -404 149 1  
2 6 0 0 0 0 253 1  
2 6 0 0 0 0 254 1  
2 6 0 0 0 0 255 1  
2 6 0 0 0 15 1 1  
2 6 0 0 0 0 2 1  
2 6 0 0 0 0 6 1  
2 6 0 0 0 0 7 1  
2 6 0 0 0 0 8 1  
2 6 0 0 0 0 9 1  
2 6 0 0 0 0 10 1  
2 6 0 0 0 0 11 1  
2 6 0 0 0 0 15 1  
2 6 0 0 0 0 16 1  
2 6 0 0 0 0 17 1  
2 6 0 0 0 0 18 1  
2 6 0 0 0 0 19 1  
2 6 0 0 0 0 21 1  
2 6 0 0 0 0 28 1  
2 6 0 0 0 16 29 1  
2 6 0 0 0 0 31 1  
2 6 0 0 0 0 32 1  
2 6 0 0 0 0 33 1  
2 6 0 0 0 0 36 1  
2 6 0 0 0 0 37 1  
2 6 0 0 0 0 38 1  
2 6 0 0 0 0 39 1  
2 6 0 0 0 0 41 1  
2 6 0 0 0 0 45 1  
2 6 0 0 0 0 46 1  
2 6 0 0 0 0 47 1  
2 6 0 0 0 0 48 1  
2 6 0 0 0 0 49 1  
2 6 0 0 0 16 51 1  
2 6 0 0 0 0 56 1  
2 6 0 0 0 0 57 1  
2 6 0 0 0 0 58 1  
2 6 0 0 0 0 59 1  
2 6 0 0 36 421 61 1  
2 6 0 0 0 0 62 1  
2 6 0 0 0 0 65 1  
2 6 0 0 0 0 67 1  
2 6 0 0 0 0 69 1  
2 6 0 0 13 445 71 1  
2 6 0 0 0 0 73 1  
2 6 0 0 0 0 75 1  
2 6 0 0 0 0 77 1  
2 6 0 0 0 0 79 1  
2 6 0 0 0 0 81 1  
2 6 0 0 0 0 82 1  
2 6 0 0 0 0 83 1  
2 6 0 0 0 0 84 1  
2 6 0 0 0 0 85 1  
2 6 0 0 0 0 86 1  
2 6 0 0 0 0 88 1  
2 6 0 0 0 0 99 1  
2 6 0 0 0 0 100 1  
2 6 0 0 13 528 102 1  
2 6 0 0 0 0 103 1  
2 6 0 0 0 0 104 1  
2 6 0 0 0 0 107 1  
2 6 0 0 0 10 109 1  
2 6 0 0 0 0 111 1  
2 6 0 0 13 538 113 1  
2 6 0 0 0 0 115 1  
2 6 0 0 0 0 117 1  
2 6 0 0 0 0 119 1  
2 6 0 0 0 0 121 1  
2 6 0 0 0 0 122 1  
2 6 0 0 36 484 124 1  
2 6 0 0 0 0 125 1  
2 6 0 0 0 0 126 1  
2 6 0 0 0 0 127 1  
2 6 0 0 0 0 128 1  
2 6 0 0 0 0 129 1  
2 6 0 0 0 0 130 1  
2 6 0 0 0 0 131 1  
2 6 0 0 0 0 133 1  
2 6 0 0 0 0 141 1  
2 6 0 0 0 0 142 1  
2 6 0 0 0 0 144 1  
2 6 0 0 0 0 145 1  
2 6 0 0 0 0 146 1  
2 6 0 0 0 10 149 1  
2 6 0 0 0 0 153 1  
2 6 0 0 0 0 154 1  
2 6 0 0 0 0 155 1  
2 6 0 0 0 0 157 1  
2 6 0 0 0 0 159 1  
2 6 0 0 0 0 163 1  
2 6 0 0 0 10 164 1  
2 6 0 0 0 0 165 1  
2 6 0 0 0 0 168 1  
2 6 0 0 0 0 169 1  
2 6 0 0 0 0 170 1  
2 6 0 0 36 452 172 1  
2 6 0 0 0 0 173 1  
2 6 0 0 0 0 175 1  
2 6 0 0 0 -1 182 1  
2 6 0 0 0 0 183 1  
2 6 0 0 0 0 184 1  
2 6 0 0 0 0 185 1  
2 6 0 0 0 0 186 1  
2 6 0 0 0 0 187 1  
2 6 0 0 0 0 188 1  
2 6 0 0 0 0 190 1  
2 6 0 0 13 616 192 1  
2 6 0 0 0 0 195 1  
2 6 0 0 0 0 197 1  
2 6 0 0 0 0 199 1  
2 6 0 0 0 0 201 1  
2 6 0 0 0 0 203 1  
2 6 0 0 0 0 205 1  
2 6 0 0 0 0 207 1  
2 6 0 0 0 0 208 1  
2 6 0 0 0 0 209 1  
2 6 0 0 0 0 210 1  
2 6 0 0 0 0 211 1  
2 6 0 0 0 0 213 1  
2 6 0 0 0 0 219 1  
2 6 0 0 0 0 220 1  
2 6 0 0 0 0 222 1  
2 6 0 0 0 0 224 1  
2 6 0 0 0 0 227 1  
2 6 0 0 0 0 229 1  
2 6 0 0 0 0 231 1  
2 6 0 0 0 0 233 1  
2 6 0 0 0 0 235 1  
2 6 0 0 0 0 237 1  
2 6 0 0 0 0 241 1  
2 6 0 0 0 0 243 1  
2 6 0 0 47 336 247 1  
2 6 0 0 0 0 248 1  
2 6 0 0 0 0 249 1  
2 6 0 0 0 0 250 1  
2 6 0 0 0 0 251 1  
2 6 0 0 0 0 252 1  
2 6 0 0 0 0 253 1  
2 6 0 0 0 0 255 1  
2 6 0 0 0 2 3 1  
2 6 0 0 0 0 4 1  
2 6 0 0 0 0 5 1  
2 6 0 0 0 0 10 1  
2 6 0 0 0 0 12 1  
2 6 0 0 0 0 14 1  
2 6 0 0 0 0 16 1  
2 6 0 0 0 0 18 1  
2 6 0 0 0 0 20 1  
2 6 0 0 0 0 22 1  
2 6 0 0 0 0 24 1  
2 6 0 0 0 0 25 1  
2 6 0 0 0 0 26 1  
2 6 0 0 0 0 29 1  
2 6 0 0 0 0 29 1  
2 6 0 0 0 0 31 1  
2 6 0 0 0 0 33 1  
2 6 0 0 0 0 36 1  
2 6 0 0 0 0 37 1  
2 6 0 0 0 0 38 1  
2 6 0 0 0 0 41 1  
2 6 0 0 0 0 44 1  
2 6 0 0 0 0 50 1  
2 6 0 0 0 0 52 1  
2 6 0 0 0 0 54 1  
2 6 0 0 0 0 56 1  
2 6 0 0 46 729 59 1  
