2 6 14 23 59 721 215 192 168 255 129  
2 6 14 23 59 741 244 192 168 255 129  
2 6 14 23 59 741 246 192 168 255 129  
2 6 14 23 59 741 247 192 168 255 129  
2 6 14 23 59 741 249 192 168 255 129  
2 7 14 23 59 756 3 192 168 255 129  
2 6 14 23 59 756 20 192 168 255 129  
2 6 14 23 59 756 22 192 168 255 129  
2 6 14 23 59 756 24 192 168 255 129  
2 6 14 23 59 788 52 192 168 255 129  
2 6 14 23 59 788 53 192 168 255 129  
2 6 14 23 59 788 54 192 168 255 129  
2 6 14 23 59 821 87 192 168 255 129  
2 6 14 23 59 821 89 192 168 255 129  
2 6 14 23 59 821 93 192 168 255 129  
2 6 14 23 59 831 95 192 168 255 129  
2 6 14 23 59 831 96 192 168 255 129  
2 6 14 23 59 851 132 192 168 255 129  
2 6 14 23 59 851 135 192 168 255 129  
2 6 14 23 59 861 137 192 168 255 129  
2 6 14 23 59 861 138 192 168 255 129  
2 6 14 23 59 861 140 192 168 255 129  
2 6 14 23 59 881 174 192 168 255 129  
2 6 14 23 59 888 177 192 168 255 129  
2 6 14 23 59 888 179 192 168 255 129  
2 6 14 23 59 888 180 192 168 255 129  
2 6 14 23 59 904 212 192 168 255 129  
2 6 14 23 59 904 214 192 168 255 129  
2 6 14 23 59 919 216 192 168 255 129  
2 6 14 23 59 919 217 192 168 255 129  
2 6 14 23 59 935 254 192 168 255 129  
2 6 14 23 59 963 32 192 168 255 129  
