2 6 14 22 57 281 58 192 168 255 129  
2 6 14 22 57 281 60 192 168 255 129  
2 6 14 22 57 281 61 192 168 255 129  
2 6 14 22 57 369 92 192 168 255 129  
2 6 14 22 57 396 110 192 168 255 129  
2 6 14 22 57 459 124 192 168 255 129  
2 6 14 22 57 474 137 192 168 255 129  
2 6 14 22 57 552 141 192 168 255 129  
2 6 14 22 57 790 151 192 168 255 129  
2 6 14 22 57 992 163 192 168 255 129  
2 6 14 22 58 131 164 192 168 255 129  
2 6 14 22 58 146 165 192 168 255 129  
2 6 14 22 58 146 166 192 168 255 129  
2 6 14 22 58 162 169 192 168 255 129  
2 6 14 22 58 162 170 192 168 255 129  
2 6 14 22 58 162 171 192 168 255 129  
2 6 14 22 58 178 176 192 168 255 129  
2 6 14 22 58 271 197 192 168 255 129  
2 6 14 22 58 271 201 192 168 255 129  
2 6 14 22 58 355 225 192 168 255 129  
2 6 14 22 58 365 227 192 168 255 129  
2 6 14 22 58 365 230 192 168 255 129  
2 6 14 22 58 542 19 192 168 255 129  
2 6 14 22 58 592 48 192 168 255 129  
2 6 14 22 58 702 58 192 168 255 129  
2 6 14 22 58 742 68 192 168 255 129  
2 6 14 22 58 893 76 192 168 255 129  
2 6 14 22 59 275 102 192 168 255 129  
2 6 14 22 59 275 105 192 168 255 129  
2 6 14 22 59 524 126 192 168 255 129  
2 6 14 22 59 571 146 192 168 255 129  
2 6 14 22 59 587 147 192 168 255 129  
2 6 14 23 0 274 156 192 168 255 129  
2 6 14 23 0 274 158 192 168 255 129  
2 6 14 23 0 523 186 192 168 255 129  
2 6 14 23 0 866 199 192 168 255 129  
2 6 14 23 1 269 205 192 168 255 129  
2 6 14 23 1 279 207 192 168 255 129  
2 6 14 23 1 531 9 192 168 255 129  
2 6 14 23 2 105 27 192 168 255 129  
2 6 14 23 2 261 28 192 168 255 129  
2 6 14 23 2 276 30 192 168 255 129  
2 6 14 23 2 519 70 192 168 255 129  
2 6 14 23 3 275 99 192 168 255 129  
2 6 14 23 3 285 101 192 168 255 129  
2 6 14 23 3 542 114 192 168 255 129  
2 6 14 23 4 273 127 192 168 255 129  
2 6 14 23 4 283 129 192 168 255 129  
2 6 14 23 4 524 143 192 168 255 129  
2 6 14 23 5 268 164 192 168 255 129  
2 6 14 23 5 268 166 192 168 255 129  
2 6 14 23 5 528 215 192 168 255 129  
2 6 14 23 5 579 219 192 168 255 129  
2 6 14 23 5 579 220 192 168 255 129  
2 6 14 23 5 612 225 192 168 255 129  
2 6 14 23 5 772 226 192 168 255 129  
2 6 14 23 5 861 238 192 168 255 129  
2 6 14 23 6 275 252 192 168 255 129  
2 6 14 23 6 285 254 192 168 255 129  
2 6 14 23 6 527 24 192 168 255 129  
2 6 14 23 7 99 42 192 168 255 129  
2 6 14 23 7 272 51 192 168 255 129  
2 6 14 23 7 282 53 192 168 255 129  
2 6 14 23 7 523 72 192 168 255 129  
2 6 14 23 8 270 88 192 168 255 129  
2 6 14 23 8 280 90 192 168 255 129  
2 6 14 23 8 522 107 192 168 255 129  
2 6 14 23 9 266 150 192 168 255 129  
2 6 14 23 9 276 152 192 168 255 129  
2 6 14 23 9 548 172 192 168 255 129  
2 6 14 23 10 274 194 192 168 255 129  
2 6 14 23 10 284 196 192 168 255 129  
2 6 14 23 10 526 224 192 168 255 129  
2 6 14 23 10 849 254 192 168 255 129  
2 6 14 23 10 869 5 192 168 255 129  
2 6 14 23 11 272 19 192 168 255 129  
2 6 14 23 11 282 21 192 168 255 129  
2 6 14 23 11 543 48 192 168 255 129  
2 6 14 23 11 584 54 192 168 255 129  
2 6 14 23 11 594 56 192 168 255 129  
2 6 14 23 12 106 82 192 168 255 129  
2 6 14 23 12 268 88 192 168 255 129  
2 6 14 23 12 278 90 192 168 255 129  
2 6 14 23 12 527 142 192 168 255 129  
2 6 14 23 12 543 155 192 168 255 129  
2 6 14 23 12 564 157 192 168 255 129  
2 6 14 23 12 564 160 192 168 255 129  
2 6 14 23 12 594 175 192 168 255 129  
2 6 14 23 12 594 178 192 168 255 129  
