2 6 0 0 0 15 70 1  
2 6 0 0 0 16 71 1  
2 6 0 0 0 0 72 1  
2 6 0 0 0 0 73 1  
2 6 0 0 0 0 74 1  
2 6 0 0 0 0 75 1  
2 6 0 0 0 0 76 1  
2 6 0 0 0 0 77 1  
2 6 0 0 0 0 78 1  
2 6 0 0 0 0 79 1  
2 6 0 0 0 0 80 1  
2 6 0 0 0 0 82 1  
2 6 0 0 0 0 83 1  
2 6 0 0 0 0 84 1  
2 6 0 0 0 0 85 1  
2 6 0 0 0 0 86 1  
2 6 0 0 0 0 87 1  
2 6 0 0 0 0 88 1  
2 6 0 0 0 0 89 1  
2 6 0 0 0 0 90 1  
2 6 0 0 0 0 91 1  
2 6 0 0 0 0 92 1  
2 6 0 0 0 0 93 1  
2 6 0 0 0 0 94 1  
2 6 0 0 0 0 95 1  
2 6 0 0 0 0 96 1  
2 6 0 0 0 0 97 1  
2 6 0 0 0 0 98 1  
2 6 0 0 0 0 99 1  
2 6 0 0 0 0 100 1  
2 6 0 0 0 0 101 1  
2 6 0 0 0 0 102 1  
2 6 0 0 0 0 104 1  
2 6 0 0 0 0 110 1  
2 6 0 0 0 2 115 1  
2 6 0 0 0 2 116 1  
2 6 0 0 0 2 117 1  
2 6 0 0 0 0 118 1  
2 6 0 0 0 2 119 1  
2 6 0 0 0 0 120 1  
2 6 0 0 0 0 121 1  
2 6 0 0 0 0 122 1  
2 6 0 0 0 0 123 1  
2 6 0 0 0 0 124 1  
2 6 0 0 0 15 125 1  
2 6 0 0 0 0 126 1  
2 6 0 0 0 0 127 1  
2 6 0 0 0 16 128 1  
2 6 0 0 0 0 129 1  
2 6 0 0 0 0 130 1  
2 6 0 0 0 0 131 1  
2 6 0 0 0 0 132 1  
2 6 0 0 0 0 133 1  
2 6 0 0 0 0 134 1  
2 6 0 0 0 0 135 1  
2 6 0 0 0 0 136 1  
2 6 0 0 0 0 137 1  
2 6 0 0 1 -984 138 1  
2 6 0 0 0 0 139 1  
2 6 0 0 0 0 140 1  
2 6 0 0 0 0 141 1  
2 6 0 0 0 0 142 1  
2 6 0 0 0 0 143 1  
2 6 0 0 0 0 145 1  
2 6 0 0 0 0 151 1  
2 6 0 0 0 3 156 1  
2 6 0 0 0 3 157 1  
2 6 0 0 0 0 158 1  
2 6 0 0 0 0 159 1  
2 6 0 0 0 0 161 1  
2 6 0 0 0 0 169 1  
2 6 0 0 0 16 174 1  
2 6 0 0 0 0 175 1  
2 6 0 0 0 0 176 1  
2 6 0 0 0 0 177 1  
2 6 0 0 0 0 180 1  
2 6 0 0 0 0 186 1  
2 6 0 0 0 10 191 1  
2 6 0 0 0 0 193 1  
2 6 0 0 0 0 199 1  
2 6 0 0 0 0 204 1  
2 6 0 0 0 0 205 1  
2 6 0 0 0 16 206 1  
2 6 0 0 0 0 207 1  
2 6 0 0 0 0 210 1  
2 6 0 0 0 10 219 1  
2 6 0 0 0 12 220 1  
2 6 0 0 0 0 223 1  
2 6 0 0 0 0 226 1  
2 6 0 0 0 0 229 1  
2 6 0 0 0 0 230 1  
2 6 0 0 0 0 232 1  
2 6 0 0 0 5 234 1  
2 6 0 0 0 0 235 1  
2 6 0 0 0 0 236 1  
2 6 0 0 0 0 237 1  
2 6 0 0 0 5 249 1  
2 6 0 0 0 0 251 1  
2 6 0 0 0 0 254 1  
2 6 0 0 0 0 2 1  
