2 6 14 22 57 187 95 192 168 255 129  
2 6 14 22 57 187 96 192 168 255 129  
2 6 14 22 57 296 63 192 168 255 129  
2 6 14 22 57 296 65 192 168 255 129  
2 6 14 22 57 296 66 192 168 255 129  
2 6 14 22 57 296 68 192 168 255 129  
2 6 14 22 57 312 69 192 168 255 129  
2 6 14 22 57 312 70 192 168 255 129  
2 6 14 22 57 312 81 192 168 255 129  
2 6 14 22 57 343 85 192 168 255 129  
2 6 14 22 57 343 86 192 168 255 129  
2 6 14 22 57 343 87 192 168 255 129  
2 6 14 22 57 359 164 192 168 255 129  
2 6 14 22 57 359 165 192 168 255 129  
2 6 14 22 57 359 166 192 168 255 129  
2 6 14 22 57 359 89 192 168 255 129  
2 6 14 22 57 364 98 192 168 255 129  
2 6 14 22 57 364 99 192 168 255 129  
2 6 14 22 57 369 91 192 168 255 129  
2 6 14 22 57 369 93 192 168 255 129  
2 6 14 22 57 379 94 192 168 255 129  
2 6 14 22 57 389 96 192 168 255 129  
2 6 14 22 57 389 99 192 168 255 129  
2 6 14 22 57 394 251 192 168 255 129  
2 6 14 22 57 396 100 192 168 255 129  
2 6 14 22 57 396 101 192 168 255 129  
2 6 14 22 57 396 109 192 168 255 129  
2 6 14 22 57 396 111 192 168 255 129  
2 6 14 22 57 412 113 192 168 255 129  
2 6 14 22 57 428 114 192 168 255 129  
2 6 14 22 57 428 115 192 168 255 129  
2 6 14 22 57 428 119 192 168 255 129  
2 6 14 22 57 443 103 192 168 255 129  
2 6 14 22 57 443 106 192 168 255 129  
2 6 14 22 57 443 107 192 168 255 129  
2 6 14 22 57 443 108 192 168 255 129  
2 6 14 22 57 443 120 192 168 255 129  
2 6 14 22 57 443 121 192 168 255 129  
2 6 14 22 57 459 123 192 168 255 129  
2 6 14 22 57 459 125 192 168 255 129  
2 6 14 22 57 459 126 192 168 255 129  
2 6 14 22 57 474 128 192 168 255 129  
2 6 14 22 57 474 130 192 168 255 129  
2 6 14 22 57 474 134 192 168 255 129  
2 6 14 22 57 490 138 192 168 255 129  
2 6 14 22 57 490 139 192 168 255 129  
2 6 14 22 57 506 222 192 168 255 129  
2 6 14 22 57 950 156 192 168 255 129  
2 6 14 22 58 57 191 192 168 255 129  
2 6 14 22 58 178 174 192 168 255 129  
2 6 14 22 58 178 175 192 168 255 129  
2 6 14 22 58 178 94 192 168 255 129  
2 6 14 22 58 178 95 192 168 255 129  
2 6 14 22 58 178 96 192 168 255 129  
2 6 14 22 58 178 199 192 168 255 129  
2 6 14 22 58 178 200 192 168 255 129  
2 6 14 22 58 193 99 192 168 255 129  
2 6 14 22 58 193 179 192 168 255 129  
2 6 14 22 58 193 165 192 168 255 129  
2 6 14 22 58 193 166 192 168 255 129  
2 6 14 22 58 193 167 192 168 255 129  
2 6 14 22 58 193 100 192 168 255 129  
2 6 14 22 58 193 180 192 168 255 129  
2 6 14 22 58 193 181 192 168 255 129  
2 6 14 22 58 224 183 192 168 255 129  
2 6 14 22 58 224 186 192 168 255 129  
2 6 14 22 58 240 187 192 168 255 129  
2 6 14 22 58 256 191 192 168 255 129  
2 6 14 22 58 256 193 192 168 255 129  
2 6 14 22 58 256 205 192 168 255 129  
2 6 14 22 58 256 194 192 168 255 129  
2 6 14 22 58 256 195 192 168 255 129  
2 6 14 22 58 271 196 192 168 255 129  
2 6 14 22 58 271 200 192 168 255 129  
2 6 14 22 58 271 204 192 168 255 129  
2 6 14 22 58 287 205 192 168 255 129  
2 6 14 22 58 305 208 192 168 255 129  
2 6 14 22 58 305 209 192 168 255 129  
2 6 14 22 58 315 210 192 168 255 129  
2 6 14 22 58 315 213 192 168 255 129  
2 6 14 22 58 315 214 192 168 255 129  
2 6 14 22 58 315 215 192 168 255 129  
2 6 14 22 58 315 216 192 168 255 129  
2 6 14 22 58 315 217 192 168 255 129  
2 6 14 22 58 355 223 192 168 255 129  
2 6 14 22 58 355 224 192 168 255 129  
2 6 14 22 58 357 102 192 168 255 129  
2 6 14 22 58 357 167 192 168 255 129  
2 6 14 22 58 357 168 192 168 255 129  
2 6 14 22 58 357 169 192 168 255 129  
2 6 14 22 58 365 229 192 168 255 129  
2 6 14 22 58 370 103 192 168 255 129  
2 6 14 22 58 370 190 192 168 255 129  
2 6 14 22 58 375 231 192 168 255 129  
2 6 14 22 58 375 232 192 168 255 129  
2 6 14 22 58 385 233 192 168 255 129  
2 6 14 22 58 395 238 192 168 255 129  
2 6 14 22 58 395 239 192 168 255 129  
2 6 14 22 58 405 240 192 168 255 129  
2 6 14 22 58 405 241 192 168 255 129  
2 6 14 22 58 415 244 192 168 255 129  
2 6 14 22 58 415 246 192 168 255 129  
2 6 14 22 58 427 247 192 168 255 129  
2 6 14 22 58 427 248 192 168 255 129  
2 6 14 22 58 437 249 192 168 255 129  
2 6 14 22 58 437 250 192 168 255 129  
2 6 14 22 58 447 251 192 168 255 129  
2 6 14 22 58 447 253 192 168 255 129  
2 6 14 22 58 457 255 192 168 255 129  
2 6 14 22 58 457 2 192 168 255 129  
2 6 14 22 58 467 3 192 168 255 129  
2 6 14 22 58 467 4 192 168 255 129  
2 6 14 22 58 477 5 192 168 255 129  
2 6 14 22 58 477 6 192 168 255 129  
2 6 14 22 58 487 7 192 168 255 129  
2 6 14 22 58 487 8 192 168 255 129  
2 6 14 22 58 497 9 192 168 255 129  
2 6 14 22 58 497 10 192 168 255 129  
2 6 14 22 58 507 11 192 168 255 129  
2 6 14 22 58 507 12 192 168 255 129  
2 6 14 22 58 517 13 192 168 255 129  
2 6 14 22 58 517 14 192 168 255 129  
2 6 14 22 58 527 15 192 168 255 129  
2 6 14 22 58 527 16 192 168 255 129  
2 6 14 22 58 542 18 192 168 255 129  
2 6 14 22 58 542 20 192 168 255 129  
2 6 14 22 58 552 24 192 168 255 129  
2 6 14 22 58 552 109 192 168 255 129  
2 6 14 22 58 552 112 192 168 255 129  
2 6 14 22 58 552 113 192 168 255 129  
2 6 14 22 58 552 114 192 168 255 129  
2 6 14 22 58 582 47 192 168 255 129  
2 6 14 22 58 592 49 192 168 255 129  
2 6 14 22 58 592 50 192 168 255 129  
2 6 14 22 58 592 51 192 168 255 129  
2 6 14 22 58 592 53 192 168 255 129  
2 6 14 22 58 592 54 192 168 255 129  
2 6 14 22 58 602 56 192 168 255 129  
2 6 14 22 58 602 57 192 168 255 129  
2 6 14 22 58 702 203 192 168 255 129  
2 6 14 22 58 712 60 192 168 255 129  
2 6 14 22 58 722 61 192 168 255 129  
2 6 14 22 58 722 62 192 168 255 129  
2 6 14 22 58 732 63 192 168 255 129  
2 6 14 22 58 732 66 192 168 255 129  
2 6 14 22 58 742 67 192 168 255 129  
2 6 14 22 58 742 69 192 168 255 129  
2 6 14 22 58 752 70 192 168 255 129  
2 6 14 22 58 752 71 192 168 255 129  
2 6 14 22 58 762 72 192 168 255 129  
2 6 14 22 58 772 74 192 168 255 129  
2 6 14 22 58 772 75 192 168 255 129  
2 6 14 22 58 797 151 192 168 255 129  
2 6 14 22 58 797 152 192 168 255 129  
2 6 14 22 58 903 52 192 168 255 129  
2 6 14 22 58 903 53 192 168 255 129  
2 6 14 22 58 903 78 192 168 255 129  
2 6 14 22 58 913 79 192 168 255 129  
2 6 14 22 58 913 80 192 168 255 129  
2 6 14 22 58 915 0 192 168 255 129  
2 6 14 22 58 915 0 192 168 255 129  
2 6 14 22 58 923 81 192 168 255 129  
2 6 14 22 58 923 82 192 168 255 129  
2 6 14 22 58 933 86 192 168 255 129  
2 6 14 22 58 933 87 192 168 255 129  
2 6 14 22 58 943 88 192 168 255 129  
2 6 14 22 58 943 89 192 168 255 129  
2 6 14 22 58 945 157 192 168 255 129  
2 6 14 22 58 953 94 192 168 255 129  
2 6 14 22 58 963 98 192 168 255 129  
2 6 14 22 58 963 99 192 168 255 129  
2 6 14 22 59 181 204 192 168 255 129  
2 6 14 22 59 181 97 192 168 255 129  
2 6 14 22 59 181 98 192 168 255 129  
2 6 14 22 59 181 99 192 168 255 129  
2 6 14 22 59 181 205 192 168 255 129  
2 6 14 22 59 181 168 192 168 255 129  
2 6 14 22 59 181 169 192 168 255 129  
2 6 14 22 59 181 170 192 168 255 129  
2 6 14 22 59 197 103 192 168 255 129  
2 6 14 22 59 197 104 192 168 255 129  
2 6 14 22 59 306 109 192 168 255 129  
2 6 14 22 59 306 111 192 168 255 129  
2 6 14 22 59 306 112 192 168 255 129  
2 6 14 22 59 306 114 192 168 255 129  
2 6 14 22 59 306 115 192 168 255 129  
2 6 14 22 59 306 116 192 168 255 129  
2 6 14 22 59 322 121 192 168 255 129  
2 6 14 22 59 353 170 192 168 255 129  
2 6 14 22 59 353 171 192 168 255 129  
2 6 14 22 59 353 172 192 168 255 129  
2 6 14 22 59 353 106 192 168 255 129  
2 6 14 22 59 353 107 192 168 255 129  
2 6 14 22 59 665 152 192 168 255 129  
2 6 14 22 59 665 0 192 168 255 129  
2 6 14 22 59 665 0 192 168 255 129  
2 6 14 22 59 712 46 192 168 255 129  
2 6 14 22 59 727 99 192 168 255 129  
2 6 14 22 59 953 158 192 168 255 129  
2 6 14 23 0 186 100 192 168 255 129  
2 6 14 23 0 186 101 192 168 255 129  
2 6 14 23 0 186 102 192 168 255 129  
2 6 14 23 0 188 208 192 168 255 129  
2 6 14 23 0 188 209 192 168 255 129  
2 6 14 23 0 193 107 192 168 255 129  
2 6 14 23 0 196 171 192 168 255 129  
2 6 14 23 0 196 172 192 168 255 129  
2 6 14 23 0 196 173 192 168 255 129  
2 6 14 23 0 196 108 192 168 255 129  
2 6 14 23 0 305 159 192 168 255 129  
2 6 14 23 0 305 161 192 168 255 129  
2 6 14 23 0 305 162 192 168 255 129  
2 6 14 23 0 305 164 192 168 255 129  
2 6 14 23 0 305 165 192 168 255 129  
2 6 14 23 0 305 166 192 168 255 129  
2 6 14 23 0 352 110 192 168 255 129  
2 6 14 23 0 352 144 192 168 255 129  
2 6 14 23 0 352 147 192 168 255 129  
2 6 14 23 0 352 148 192 168 255 129  
2 6 14 23 0 352 149 192 168 255 129  
2 6 14 23 0 352 173 192 168 255 129  
2 6 14 23 0 352 174 192 168 255 129  
2 6 14 23 0 352 175 192 168 255 129  
2 6 14 23 0 367 111 192 168 255 129  
2 6 14 23 0 430 183 192 168 255 129  
2 6 14 23 0 445 55 192 168 255 129  
2 6 14 23 0 916 200 192 168 255 129  
2 6 14 23 0 929 251 192 168 255 129  
2 6 14 23 0 949 159 192 168 255 129  
2 6 14 23 1 184 212 192 168 255 129  
2 6 14 23 1 186 103 192 168 255 129  
2 6 14 23 1 186 104 192 168 255 129  
2 6 14 23 1 186 105 192 168 255 129  
2 6 14 23 1 196 213 192 168 255 129  
2 6 14 23 1 196 174 192 168 255 129  
2 6 14 23 1 196 175 192 168 255 129  
2 6 14 23 1 196 176 192 168 255 129  
2 6 14 23 1 199 111 192 168 255 129  
2 6 14 23 1 199 112 192 168 255 129  
2 6 14 23 1 309 208 192 168 255 129  
2 6 14 23 1 309 210 192 168 255 129  
2 6 14 23 1 309 211 192 168 255 129  
2 6 14 23 1 309 213 192 168 255 129  
2 6 14 23 1 309 214 192 168 255 129  
2 6 14 23 1 309 215 192 168 255 129  
2 6 14 23 1 326 100 192 168 255 129  
2 6 14 23 1 326 101 192 168 255 129  
2 6 14 23 1 364 114 192 168 255 129  
2 6 14 23 1 364 115 192 168 255 129  
2 6 14 23 1 364 176 192 168 255 129  
2 6 14 23 1 364 177 192 168 255 129  
2 6 14 23 1 364 178 192 168 255 129  
2 6 14 23 1 364 150 192 168 255 129  
2 6 14 23 1 364 153 192 168 255 129  
2 6 14 23 1 364 154 192 168 255 129  
2 6 14 23 1 364 155 192 168 255 129  
2 6 14 23 1 441 254 192 168 255 129  
2 6 14 23 1 441 255 192 168 255 129  
2 6 14 23 1 441 1 192 168 255 129  
2 6 14 23 1 441 3 192 168 255 129  
2 6 14 23 1 441 4 192 168 255 129  
2 6 14 23 1 576 160 192 168 255 129  
2 6 14 23 1 576 163 192 168 255 129  
2 6 14 23 1 576 164 192 168 255 129  
2 6 14 23 1 576 165 192 168 255 129  
2 6 14 23 1 656 166 192 168 255 129  
2 6 14 23 1 704 23 192 168 255 129  
2 6 14 23 1 716 55 192 168 255 129  
2 6 14 23 1 734 115 192 168 255 129  
2 6 14 23 1 816 118 192 168 255 129  
2 6 14 23 1 945 160 192 168 255 129  
2 6 14 23 2 42 154 192 168 255 129  
2 6 14 23 2 89 21 192 168 255 129  
2 6 14 23 2 105 161 192 168 255 129  
2 6 14 23 2 105 162 192 168 255 129  
2 6 14 23 2 105 163 192 168 255 129  
2 6 14 23 2 183 216 192 168 255 129  
2 6 14 23 2 183 106 192 168 255 129  
2 6 14 23 2 183 107 192 168 255 129  
2 6 14 23 2 183 108 192 168 255 129  
2 6 14 23 2 183 116 192 168 255 129  
2 6 14 23 2 198 217 192 168 255 129  
2 6 14 23 2 198 177 192 168 255 129  
2 6 14 23 2 198 178 192 168 255 129  
2 6 14 23 2 198 179 192 168 255 129  
2 6 14 23 2 198 117 192 168 255 129  
2 6 14 23 2 307 31 192 168 255 129  
2 6 14 23 2 307 33 192 168 255 129  
2 6 14 23 2 307 34 192 168 255 129  
2 6 14 23 2 307 35 192 168 255 129  
2 6 14 23 2 307 36 192 168 255 129  
2 6 14 23 2 307 38 192 168 255 129  
2 6 14 23 2 337 0 192 168 255 129  
2 6 14 23 2 337 0 192 168 255 129  
2 6 14 23 2 362 179 192 168 255 129  
2 6 14 23 2 362 180 192 168 255 129  
2 6 14 23 2 362 181 192 168 255 129  
2 6 14 23 2 362 119 192 168 255 129  
2 6 14 23 2 362 120 192 168 255 129  
2 6 14 23 2 377 252 192 168 255 129  
2 6 14 23 2 514 223 192 168 255 129  
2 6 14 23 2 945 164 192 168 255 129  
2 6 14 23 3 61 192 192 168 255 129  
2 6 14 23 3 192 109 192 168 255 129  
2 6 14 23 3 192 110 192 168 255 129  
2 6 14 23 3 192 111 192 168 255 129  
2 6 14 23 3 195 220 192 168 255 129  
2 6 14 23 3 195 221 192 168 255 129  
2 6 14 23 3 202 120 192 168 255 129  
2 6 14 23 3 202 180 192 168 255 129  
2 6 14 23 3 202 181 192 168 255 129  
2 6 14 23 3 202 182 192 168 255 129  
2 6 14 23 3 212 121 192 168 255 129  
2 6 14 23 3 260 206 192 168 255 129  
2 6 14 23 3 315 102 192 168 255 129  
2 6 14 23 3 315 104 192 168 255 129  
2 6 14 23 3 315 105 192 168 255 129  
2 6 14 23 3 315 107 192 168 255 129  
2 6 14 23 3 315 108 192 168 255 129  
2 6 14 23 3 315 109 192 168 255 129  
2 6 14 23 3 363 123 192 168 255 129  
2 6 14 23 3 363 182 192 168 255 129  
2 6 14 23 3 363 183 192 168 255 129  
2 6 14 23 3 363 184 192 168 255 129  
2 6 14 23 3 363 191 192 168 255 129  
2 6 14 23 3 373 124 192 168 255 129  
2 6 14 23 3 707 224 192 168 255 129  
2 6 14 23 3 802 158 192 168 255 129  
2 6 14 23 3 802 159 192 168 255 129  
2 6 14 23 3 897 59 192 168 255 129  
2 6 14 23 3 897 60 192 168 255 129  
2 6 14 23 3 944 165 192 168 255 129  
2 6 14 23 4 192 225 192 168 255 129  
2 6 14 23 4 192 112 192 168 255 129  
2 6 14 23 4 192 113 192 168 255 129  
2 6 14 23 4 192 114 192 168 255 129  
2 6 14 23 4 192 226 192 168 255 129  
2 6 14 23 4 192 183 192 168 255 129  
2 6 14 23 4 192 184 192 168 255 129  
2 6 14 23 4 192 185 192 168 255 129  
2 6 14 23 4 208 124 192 168 255 129  
2 6 14 23 4 208 125 192 168 255 129  
2 6 14 23 4 311 130 192 168 255 129  
2 6 14 23 4 311 132 192 168 255 129  
2 6 14 23 4 311 133 192 168 255 129  
2 6 14 23 4 311 135 192 168 255 129  
2 6 14 23 4 311 136 192 168 255 129  
2 6 14 23 4 311 137 192 168 255 129  
2 6 14 23 4 311 138 192 168 255 129  
2 6 14 23 4 363 185 192 168 255 129  
2 6 14 23 4 363 186 192 168 255 129  
2 6 14 23 4 363 187 192 168 255 129  
2 6 14 23 4 368 127 192 168 255 129  
2 6 14 23 4 368 128 192 168 255 129  
2 6 14 23 4 724 103 192 168 255 129  
2 6 14 23 4 726 47 192 168 255 129  
2 6 14 23 4 914 167 192 168 255 129  
2 6 14 23 4 914 0 192 168 255 129  
2 6 14 23 4 914 0 192 168 255 129  
2 6 14 23 4 939 166 192 168 255 129  
2 6 14 23 5 193 115 192 168 255 129  
2 6 14 23 5 193 116 192 168 255 129  
2 6 14 23 5 193 117 192 168 255 129  
2 6 14 23 5 195 229 192 168 255 129  
2 6 14 23 5 195 230 192 168 255 129  
2 6 14 23 5 200 186 192 168 255 129  
2 6 14 23 5 200 187 192 168 255 129  
2 6 14 23 5 200 188 192 168 255 129  
2 6 14 23 5 203 128 192 168 255 129  
2 6 14 23 5 213 129 192 168 255 129  
2 6 14 23 5 299 167 192 168 255 129  
2 6 14 23 5 299 169 192 168 255 129  
2 6 14 23 5 299 170 192 168 255 129  
2 6 14 23 5 299 172 192 168 255 129  
2 6 14 23 5 299 173 192 168 255 129  
2 6 14 23 5 299 174 192 168 255 129  
2 6 14 23 5 317 175 192 168 255 129  
2 6 14 23 5 365 188 192 168 255 129  
2 6 14 23 5 365 189 192 168 255 129  
2 6 14 23 5 365 190 192 168 255 129  
2 6 14 23 5 365 131 192 168 255 129  
2 6 14 23 5 375 132 192 168 255 129  
2 6 14 23 5 443 206 192 168 255 129  
2 6 14 23 5 443 56 192 168 255 129  
2 6 14 23 5 912 239 192 168 255 129  
2 6 14 23 5 922 252 192 168 255 129  
2 6 14 23 5 954 167 192 168 255 129  
2 6 14 23 6 192 233 192 168 255 129  
2 6 14 23 6 192 118 192 168 255 129  
2 6 14 23 6 192 119 192 168 255 129  
2 6 14 23 6 192 120 192 168 255 129  
2 6 14 23 6 202 189 192 168 255 129  
2 6 14 23 6 202 190 192 168 255 129  
2 6 14 23 6 202 191 192 168 255 129  
2 6 14 23 6 202 234 192 168 255 129  
2 6 14 23 6 207 132 192 168 255 129  
2 6 14 23 6 207 133 192 168 255 129  
2 6 14 23 6 313 255 192 168 255 129  
2 6 14 23 6 313 2 192 168 255 129  
2 6 14 23 6 313 3 192 168 255 129  
2 6 14 23 6 313 5 192 168 255 129  
2 6 14 23 6 313 6 192 168 255 129  
2 6 14 23 6 313 7 192 168 255 129  
2 6 14 23 6 313 105 192 168 255 129  
2 6 14 23 6 313 106 192 168 255 129  
2 6 14 23 6 362 191 192 168 255 129  
2 6 14 23 6 362 192 192 168 255 129  
2 6 14 23 6 362 193 192 168 255 129  
2 6 14 23 6 370 135 192 168 255 129  
2 6 14 23 6 370 136 192 168 255 129  
2 6 14 23 6 380 168 192 168 255 129  
2 6 14 23 6 380 171 192 168 255 129  
2 6 14 23 6 380 172 192 168 255 129  
2 6 14 23 6 380 173 192 168 255 129  
2 6 14 23 6 411 14 192 168 255 129  
2 6 14 23 6 411 15 192 168 255 129  
2 6 14 23 6 411 16 192 168 255 129  
2 6 14 23 6 411 18 192 168 255 129  
2 6 14 23 6 411 19 192 168 255 129  
2 6 14 23 6 660 178 192 168 255 129  
2 6 14 23 6 695 31 192 168 255 129  
2 6 14 23 6 711 63 192 168 255 129  
2 6 14 23 6 726 136 192 168 255 129  
2 6 14 23 6 782 179 192 168 255 129  
2 6 14 23 6 782 182 192 168 255 129  
2 6 14 23 6 782 183 192 168 255 129  
2 6 14 23 6 782 184 192 168 255 129  
2 6 14 23 6 822 139 192 168 255 129  
2 6 14 23 6 949 168 192 168 255 129  
2 6 14 23 7 45 161 192 168 255 129  
2 6 14 23 7 99 22 192 168 255 129  
2 6 14 23 7 102 169 192 168 255 129  
2 6 14 23 7 102 170 192 168 255 129  
2 6 14 23 7 102 171 192 168 255 129  
2 6 14 23 7 179 121 192 168 255 129  
2 6 14 23 7 179 122 192 168 255 129  
2 6 14 23 7 179 123 192 168 255 129  
2 6 14 23 7 195 237 192 168 255 129  
2 6 14 23 7 195 238 192 168 255 129  
2 6 14 23 7 195 192 192 168 255 129  
2 6 14 23 7 195 193 192 168 255 129  
2 6 14 23 7 195 194 192 168 255 129  
2 6 14 23 7 195 137 192 168 255 129  
2 6 14 23 7 210 138 192 168 255 129  
2 6 14 23 7 312 54 192 168 255 129  
2 6 14 23 7 312 56 192 168 255 129  
2 6 14 23 7 312 57 192 168 255 129  
2 6 14 23 7 312 59 192 168 255 129  
2 6 14 23 7 312 60 192 168 255 129  
2 6 14 23 7 312 61 192 168 255 129  
2 6 14 23 7 362 194 192 168 255 129  
2 6 14 23 7 362 195 192 168 255 129  
2 6 14 23 7 362 196 192 168 255 129  
2 6 14 23 7 362 140 192 168 255 129  
2 6 14 23 7 362 141 192 168 255 129  
2 6 14 23 7 378 185 192 168 255 129  
2 6 14 23 7 378 188 192 168 255 129  
2 6 14 23 7 378 189 192 168 255 129  
2 6 14 23 7 378 190 192 168 255 129  
2 6 14 23 7 393 253 192 168 255 129  
2 6 14 23 7 513 224 192 168 255 129  
2 6 14 23 7 943 172 192 168 255 129  
2 6 14 23 8 62 193 192 168 255 129  
2 6 14 23 8 192 124 192 168 255 129  
2 6 14 23 8 192 125 192 168 255 129  
2 6 14 23 8 192 126 192 168 255 129  
2 6 14 23 8 192 241 192 168 255 129  
2 6 14 23 8 202 195 192 168 255 129  
2 6 14 23 8 202 196 192 168 255 129  
2 6 14 23 8 202 197 192 168 255 129  
2 6 14 23 8 202 242 192 168 255 129  
2 6 14 23 8 210 141 192 168 255 129  
2 6 14 23 8 210 142 192 168 255 129  
2 6 14 23 8 262 207 192 168 255 129  
2 6 14 23 8 311 91 192 168 255 129  
2 6 14 23 8 311 93 192 168 255 129  
2 6 14 23 8 311 94 192 168 255 129  
2 6 14 23 8 311 96 192 168 255 129  
2 6 14 23 8 311 97 192 168 255 129  
2 6 14 23 8 311 98 192 168 255 129  
2 6 14 23 8 362 192 192 168 255 129  
2 6 14 23 8 370 197 192 168 255 129  
2 6 14 23 8 370 198 192 168 255 129  
2 6 14 23 8 370 199 192 168 255 129  
2 6 14 23 8 372 144 192 168 255 129  
2 6 14 23 8 372 145 192 168 255 129  
2 6 14 23 8 707 245 192 168 255 129  
2 6 14 23 8 795 163 192 168 255 129  
2 6 14 23 8 795 164 192 168 255 129  
2 6 14 23 8 902 65 192 168 255 129  
2 6 14 23 8 902 66 192 168 255 129  
2 6 14 23 8 912 0 192 168 255 129  
2 6 14 23 8 912 0 192 168 255 129  
2 6 14 23 8 954 173 192 168 255 129  
2 6 14 23 9 179 127 192 168 255 129  
2 6 14 23 9 179 128 192 168 255 129  
2 6 14 23 9 179 129 192 168 255 129  
2 6 14 23 9 195 246 192 168 255 129  
2 6 14 23 9 195 247 192 168 255 129  
2 6 14 23 9 195 145 192 168 255 129  
2 6 14 23 9 195 198 192 168 255 129  
2 6 14 23 9 195 199 192 168 255 129  
2 6 14 23 9 195 200 192 168 255 129  
2 6 14 23 9 210 146 192 168 255 129  
2 6 14 23 9 306 153 192 168 255 129  
2 6 14 23 9 306 155 192 168 255 129  
2 6 14 23 9 306 156 192 168 255 129  
2 6 14 23 9 306 158 192 168 255 129  
2 6 14 23 9 306 159 192 168 255 129  
2 6 14 23 9 306 160 192 168 255 129  
2 6 14 23 9 326 161 192 168 255 129  
2 6 14 23 9 360 148 192 168 255 129  
2 6 14 23 9 360 200 192 168 255 129  
2 6 14 23 9 360 201 192 168 255 129  
2 6 14 23 9 360 202 192 168 255 129  
2 6 14 23 9 376 149 192 168 255 129  
2 6 14 23 9 394 192 192 168 255 129  
2 6 14 23 9 394 195 192 168 255 129  
2 6 14 23 9 394 196 192 168 255 129  
2 6 14 23 9 394 197 192 168 255 129  
2 6 14 23 9 670 190 192 168 255 129  
2 6 14 23 9 670 0 192 168 255 129  
2 6 14 23 9 670 0 192 168 255 129  
2 6 14 23 9 720 48 192 168 255 129  
2 6 14 23 9 728 108 192 168 255 129  
2 6 14 23 9 942 174 192 168 255 129  
2 6 14 23 10 194 250 192 168 255 129  
2 6 14 23 10 201 130 192 168 255 129  
2 6 14 23 10 201 131 192 168 255 129  
2 6 14 23 10 201 132 192 168 255 129  
2 6 14 23 10 204 251 192 168 255 129  
2 6 14 23 10 209 201 192 168 255 129  
2 6 14 23 10 209 202 192 168 255 129  
2 6 14 23 10 209 203 192 168 255 129  
2 6 14 23 10 211 149 192 168 255 129  
2 6 14 23 10 211 150 192 168 255 129  
2 6 14 23 10 312 197 192 168 255 129  
2 6 14 23 10 312 199 192 168 255 129  
2 6 14 23 10 312 200 192 168 255 129  
2 6 14 23 10 312 202 192 168 255 129  
2 6 14 23 10 312 203 192 168 255 129  
2 6 14 23 10 312 204 192 168 255 129  
2 6 14 23 10 371 203 192 168 255 129  
2 6 14 23 10 371 204 192 168 255 129  
2 6 14 23 10 371 205 192 168 255 129  
2 6 14 23 10 371 152 192 168 255 129  
2 6 14 23 10 371 153 192 168 255 129  
2 6 14 23 10 401 198 192 168 255 129  
2 6 14 23 10 401 201 192 168 255 129  
2 6 14 23 10 401 202 192 168 255 129  
2 6 14 23 10 401 203 192 168 255 129  
2 6 14 23 10 444 57 192 168 255 129  
2 6 14 23 10 446 222 192 168 255 129  
2 6 14 23 10 849 253 192 168 255 129  
2 6 14 23 10 859 3 192 168 255 129  
2 6 14 23 10 919 6 192 168 255 129  
2 6 14 23 10 926 253 192 168 255 129  
2 6 14 23 10 946 175 192 168 255 129  
2 6 14 23 11 200 254 192 168 255 129  
2 6 14 23 11 202 133 192 168 255 129  
2 6 14 23 11 202 134 192 168 255 129  
2 6 14 23 11 202 135 192 168 255 129  
2 6 14 23 11 207 153 192 168 255 129  
2 6 14 23 11 210 204 192 168 255 129  
2 6 14 23 11 210 205 192 168 255 129  
2 6 14 23 11 210 206 192 168 255 129  
2 6 14 23 11 210 255 192 168 255 129  
2 6 14 23 11 217 154 192 168 255 129  
2 6 14 23 11 312 22 192 168 255 129  
2 6 14 23 11 312 24 192 168 255 129  
2 6 14 23 11 312 25 192 168 255 129  
2 6 14 23 11 312 27 192 168 255 129  
2 6 14 23 11 312 28 192 168 255 129  
2 6 14 23 11 312 29 192 168 255 129  
2 6 14 23 11 325 110 192 168 255 129  
2 6 14 23 11 325 111 192 168 255 129  
2 6 14 23 11 367 156 192 168 255 129  
2 6 14 23 11 370 206 192 168 255 129  
2 6 14 23 11 370 207 192 168 255 129  
2 6 14 23 11 370 208 192 168 255 129  
2 6 14 23 11 377 157 192 168 255 129  
2 6 14 23 11 412 38 192 168 255 129  
2 6 14 23 11 412 39 192 168 255 129  
2 6 14 23 11 412 40 192 168 255 129  
2 6 14 23 11 412 42 192 168 255 129  
2 6 14 23 11 412 43 192 168 255 129  
2 6 14 23 11 661 208 192 168 255 129  
2 6 14 23 11 701 39 192 168 255 129  
2 6 14 23 11 716 68 192 168 255 129  
2 6 14 23 11 729 157 192 168 255 129  
2 6 14 23 11 821 160 192 168 255 129  
2 6 14 23 11 943 176 192 168 255 129  
2 6 14 23 12 51 166 192 168 255 129  
2 6 14 23 12 99 23 192 168 255 129  
2 6 14 23 12 104 177 192 168 255 129  
2 6 14 23 12 104 178 192 168 255 129  
2 6 14 23 12 104 179 192 168 255 129  
2 6 14 23 12 196 3 192 168 255 129  
2 6 14 23 12 201 136 192 168 255 129  
2 6 14 23 12 201 137 192 168 255 129  
2 6 14 23 12 201 138 192 168 255 129  
2 6 14 23 12 206 209 192 168 255 129  
2 6 14 23 12 206 212 192 168 255 129  
2 6 14 23 12 206 213 192 168 255 129  
2 6 14 23 12 206 214 192 168 255 129  
2 6 14 23 12 206 4 192 168 255 129  
2 6 14 23 12 208 207 192 168 255 129  
2 6 14 23 12 208 208 192 168 255 129  
2 6 14 23 12 208 209 192 168 255 129  
2 6 14 23 12 213 158 192 168 255 129  
2 6 14 23 12 213 159 192 168 255 129  
2 6 14 23 12 308 91 192 168 255 129  
2 6 14 23 12 308 93 192 168 255 129  
2 6 14 23 12 308 94 192 168 255 129  
2 6 14 23 12 308 96 192 168 255 129  
2 6 14 23 12 308 97 192 168 255 129  
2 6 14 23 12 308 98 192 168 255 129  
2 6 14 23 12 338 0 192 168 255 129  
2 6 14 23 12 338 0 192 168 255 129  
2 6 14 23 12 373 161 192 168 255 129  
2 6 14 23 12 373 162 192 168 255 129  
2 6 14 23 12 381 209 192 168 255 129  
2 6 14 23 12 381 210 192 168 255 129  
2 6 14 23 12 381 211 192 168 255 129  
2 6 14 23 12 396 254 192 168 255 129  
2 6 14 23 12 462 129 192 168 255 129  
2 6 14 23 12 465 215 192 168 255 129  
2 6 14 23 12 475 216 192 168 255 129  
2 6 14 23 12 475 217 192 168 255 129  
2 6 14 23 12 507 225 192 168 255 129  
2 6 14 23 12 527 238 192 168 255 129  
2 6 14 23 12 527 239 192 168 255 129  
2 6 14 23 12 527 240 192 168 255 129  
2 6 14 23 12 527 241 192 168 255 129  
2 6 14 23 12 559 242 192 168 255 129  
2 6 14 23 12 559 243 192 168 255 129  
2 6 14 23 12 559 244 192 168 255 129  
2 6 14 23 12 559 245 192 168 255 129  
2 6 14 23 12 559 246 192 168 255 129  
2 6 14 23 12 559 247 192 168 255 129  
2 6 14 23 12 559 248 192 168 255 129  
2 6 14 23 12 569 250 192 168 255 129  
2 6 14 23 12 569 253 192 168 255 129  
2 6 14 23 12 579 180 192 168 255 129  
2 6 14 23 12 579 182 192 168 255 129  
2 6 14 23 12 579 183 192 168 255 129  
2 6 14 23 12 581 1 192 168 255 129  
2 6 14 23 12 586 165 192 168 255 129  
2 6 14 23 12 586 166 192 168 255 129  
2 6 14 23 12 586 167 192 168 255 129  
2 6 14 23 12 586 168 192 168 255 129  
2 6 14 23 12 586 169 192 168 255 129  
2 6 14 23 12 589 186 192 168 255 129  
2 6 14 23 12 589 188 192 168 255 129  
2 6 14 23 12 589 189 192 168 255 129  
2 6 14 23 12 589 190 192 168 255 129  
2 6 14 23 12 589 191 192 168 255 129  
2 6 14 23 12 594 79 192 168 255 129  
2 6 14 23 12 594 80 192 168 255 129  
2 6 14 23 12 594 82 192 168 255 129  
2 6 14 23 12 594 84 192 168 255 129  
2 6 14 23 12 596 45 192 168 255 129  
2 6 14 23 12 596 46 192 168 255 129  
2 6 14 23 12 596 78 192 168 255 129  
2 6 14 23 12 599 194 192 168 255 129  
2 6 14 23 12 599 195 192 168 255 129  
2 6 14 23 12 599 196 192 168 255 129  
2 6 14 23 12 599 197 192 168 255 129  
2 6 14 23 12 599 199 192 168 255 129  
2 6 14 23 12 599 200 192 168 255 129  
2 6 14 23 12 599 41 192 168 255 129  
2 6 14 23 12 599 42 192 168 255 129  
2 6 14 23 12 599 43 192 168 255 129  
2 6 14 23 12 599 46 192 168 255 129  
2 6 14 23 12 599 47 192 168 255 129  
2 6 14 23 12 604 86 192 168 255 129  
2 6 14 23 12 604 87 192 168 255 129  
2 6 14 23 12 604 89 192 168 255 129  
2 6 14 23 12 604 90 192 168 255 129  
