2 6 14 22 57 203 198 192 168 255 129  
2 6 14 22 57 203 97 192 168 255 129  
2 6 14 22 57 203 98 192 168 255 129  
2 6 14 22 57 296 62 192 168 255 129  
2 6 14 22 57 296 64 192 168 255 129  
2 6 14 22 57 296 67 192 168 255 129  
2 6 14 22 57 359 90 192 168 255 129  
2 6 14 22 57 371 100 192 168 255 129  
2 6 14 22 57 371 101 192 168 255 129  
2 6 14 22 57 379 95 192 168 255 129  
2 6 14 22 57 412 112 192 168 255 129  
2 6 14 22 57 428 116 192 168 255 129  
2 6 14 22 57 443 105 192 168 255 129  
2 6 14 22 57 459 127 192 168 255 129  
2 6 14 22 57 474 136 192 168 255 129  
2 6 14 22 57 950 102 192 168 255 129  
2 6 14 22 58 162 167 192 168 255 129  
2 6 14 22 58 193 177 192 168 255 129  
2 6 14 22 58 193 201 192 168 255 129  
2 6 14 22 58 193 202 192 168 255 129  
2 6 14 22 58 193 101 192 168 255 129  
2 6 14 22 58 209 102 192 168 255 129  
2 6 14 22 58 240 188 192 168 255 129  
2 6 14 22 58 271 198 192 168 255 129  
2 6 14 22 58 287 207 192 168 255 129  
2 6 14 22 58 315 211 192 168 255 129  
2 6 14 22 58 315 212 192 168 255 129  
2 6 14 22 58 365 226 192 168 255 129  
2 6 14 22 58 370 104 192 168 255 129  
2 6 14 22 58 377 105 192 168 255 129  
2 6 14 22 58 385 237 192 168 255 129  
2 6 14 22 58 552 111 192 168 255 129  
2 6 14 22 58 592 52 192 168 255 129  
2 6 14 22 58 602 55 192 168 255 129  
2 6 14 22 58 762 73 192 168 255 129  
2 6 14 22 58 945 103 192 168 255 129  
2 6 14 22 58 953 96 192 168 255 129  
2 6 14 22 59 181 206 192 168 255 129  
2 6 14 22 59 197 207 192 168 255 129  
2 6 14 22 59 197 105 192 168 255 129  
2 6 14 22 59 197 106 192 168 255 129  
2 6 14 22 59 244 100 192 168 255 129  
2 6 14 22 59 244 20 192 168 255 129  
2 6 14 22 59 259 54 192 168 255 129  
2 6 14 22 59 259 101 192 168 255 129  
2 6 14 22 59 275 103 192 168 255 129  
2 6 14 22 59 275 153 192 168 255 129  
2 6 14 22 59 275 106 192 168 255 129  
2 6 14 22 59 290 107 192 168 255 129  
2 6 14 22 59 306 108 192 168 255 129  
2 6 14 22 59 306 110 192 168 255 129  
2 6 14 22 59 306 113 192 168 255 129  
2 6 14 22 59 306 98 192 168 255 129  
2 6 14 22 59 306 117 192 168 255 129  
2 6 14 22 59 306 118 192 168 255 129  
2 6 14 22 59 306 119 192 168 255 129  
2 6 14 22 59 322 120 192 168 255 129  
2 6 14 22 59 368 108 192 168 255 129  
2 6 14 22 59 368 109 192 168 255 129  
2 6 14 22 59 953 104 192 168 255 129  
2 6 14 23 0 196 210 192 168 255 129  
2 6 14 23 0 196 211 192 168 255 129  
2 6 14 23 0 196 109 192 168 255 129  
2 6 14 23 0 211 110 192 168 255 129  
2 6 14 23 0 305 160 192 168 255 129  
2 6 14 23 0 305 163 192 168 255 129  
2 6 14 23 0 352 146 192 168 255 129  
2 6 14 23 0 367 112 192 168 255 129  
2 6 14 23 0 367 113 192 168 255 129  
2 6 14 23 0 949 105 192 168 255 129  
2 6 14 23 1 196 214 192 168 255 129  
2 6 14 23 1 204 215 192 168 255 129  
2 6 14 23 1 209 113 192 168 255 129  
2 6 14 23 1 209 114 192 168 255 129  
2 6 14 23 1 309 209 192 168 255 129  
2 6 14 23 1 309 212 192 168 255 129  
2 6 14 23 1 364 152 192 168 255 129  
2 6 14 23 1 374 116 192 168 255 129  
2 6 14 23 1 374 117 192 168 255 129  
2 6 14 23 1 441 2 192 168 255 129  
2 6 14 23 1 576 162 192 168 255 129  
2 6 14 23 1 945 106 192 168 255 129  
2 6 14 23 2 198 218 192 168 255 129  
2 6 14 23 2 198 219 192 168 255 129  
2 6 14 23 2 214 118 192 168 255 129  
2 6 14 23 2 214 119 192 168 255 129  
2 6 14 23 2 307 32 192 168 255 129  
2 6 14 23 2 307 37 192 168 255 129  
2 6 14 23 2 329 25 192 168 255 129  
2 6 14 23 2 337 39 192 168 255 129  
2 6 14 23 2 339 56 192 168 255 129  
2 6 14 23 2 339 57 192 168 255 129  
2 6 14 23 2 339 58 192 168 255 129  
2 6 14 23 2 347 41 192 168 255 129  
2 6 14 23 2 357 42 192 168 255 129  
2 6 14 23 2 362 155 192 168 255 129  
2 6 14 23 2 362 156 192 168 255 129  
2 6 14 23 2 362 157 192 168 255 129  
2 6 14 23 2 362 43 192 168 255 129  
2 6 14 23 2 377 121 192 168 255 129  
2 6 14 23 2 377 122 192 168 255 129  
2 6 14 23 2 377 102 192 168 255 129  
2 6 14 23 2 377 60 192 168 255 129  
2 6 14 23 2 377 61 192 168 255 129  
2 6 14 23 2 393 62 192 168 255 129  
2 6 14 23 2 393 63 192 168 255 129  
2 6 14 23 2 393 64 192 168 255 129  
2 6 14 23 2 393 65 192 168 255 129  
2 6 14 23 2 953 107 192 168 255 129  
2 6 14 23 3 205 222 192 168 255 129  
2 6 14 23 3 205 223 192 168 255 129  
2 6 14 23 3 212 122 192 168 255 129  
2 6 14 23 3 212 123 192 168 255 129  
2 6 14 23 3 315 103 192 168 255 129  
2 6 14 23 3 315 106 192 168 255 129  
2 6 14 23 3 373 125 192 168 255 129  
2 6 14 23 3 383 126 192 168 255 129  
2 6 14 23 3 944 108 192 168 255 129  
2 6 14 23 4 192 227 192 168 255 129  
2 6 14 23 4 210 228 192 168 255 129  
2 6 14 23 4 218 126 192 168 255 129  
2 6 14 23 4 218 127 192 168 255 129  
2 6 14 23 4 311 131 192 168 255 129  
2 6 14 23 4 311 134 192 168 255 129  
2 6 14 23 4 380 129 192 168 255 129  
2 6 14 23 4 380 130 192 168 255 129  
2 6 14 23 4 939 109 192 168 255 129  
2 6 14 23 5 208 231 192 168 255 129  
2 6 14 23 5 208 232 192 168 255 129  
2 6 14 23 5 213 130 192 168 255 129  
2 6 14 23 5 223 131 192 168 255 129  
2 6 14 23 5 299 168 192 168 255 129  
2 6 14 23 5 299 171 192 168 255 129  
2 6 14 23 5 375 133 192 168 255 129  
2 6 14 23 5 385 134 192 168 255 129  
2 6 14 23 5 410 29 192 168 255 129  
2 6 14 23 5 410 200 192 168 255 129  
2 6 14 23 5 412 201 192 168 255 129  
2 6 14 23 5 412 61 192 168 255 129  
2 6 14 23 5 428 202 192 168 255 129  
2 6 14 23 5 428 204 192 168 255 129  
2 6 14 23 5 428 160 192 168 255 129  
2 6 14 23 5 443 208 192 168 255 129  
2 6 14 23 5 459 209 192 168 255 129  
2 6 14 23 5 459 104 192 168 255 129  
2 6 14 23 5 459 210 192 168 255 129  
2 6 14 23 5 459 211 192 168 255 129  
2 6 14 23 5 459 212 192 168 255 129  
2 6 14 23 5 459 213 192 168 255 129  
2 6 14 23 5 954 110 192 168 255 129  
2 6 14 23 6 26 62 192 168 255 129  
2 6 14 23 6 202 235 192 168 255 129  
2 6 14 23 6 212 236 192 168 255 129  
2 6 14 23 6 212 134 192 168 255 129  
2 6 14 23 6 212 135 192 168 255 129  
2 6 14 23 6 313 1 192 168 255 129  
2 6 14 23 6 313 4 192 168 255 129  
2 6 14 23 6 380 137 192 168 255 129  
2 6 14 23 6 380 138 192 168 255 129  
2 6 14 23 6 380 170 192 168 255 129  
2 6 14 23 6 411 17 192 168 255 129  
2 6 14 23 6 782 181 192 168 255 129  
2 6 14 23 6 949 111 192 168 255 129  
2 6 14 23 7 195 239 192 168 255 129  
2 6 14 23 7 195 240 192 168 255 129  
2 6 14 23 7 210 139 192 168 255 129  
2 6 14 23 7 210 140 192 168 255 129  
2 6 14 23 7 312 55 192 168 255 129  
2 6 14 23 7 312 58 192 168 255 129  
2 6 14 23 7 362 142 192 168 255 129  
2 6 14 23 7 378 187 192 168 255 129  
2 6 14 23 7 378 143 192 168 255 129  
2 6 14 23 7 943 112 192 168 255 129  
2 6 14 23 8 202 243 192 168 255 129  
2 6 14 23 8 212 244 192 168 255 129  
2 6 14 23 8 220 143 192 168 255 129  
2 6 14 23 8 220 144 192 168 255 129  
2 6 14 23 8 311 92 192 168 255 129  
2 6 14 23 8 311 95 192 168 255 129  
2 6 14 23 8 382 146 192 168 255 129  
2 6 14 23 8 382 147 192 168 255 129  
2 6 14 23 8 478 34 192 168 255 129  
2 6 14 23 8 478 102 192 168 255 129  
2 6 14 23 8 494 64 192 168 255 129  
2 6 14 23 8 494 103 192 168 255 129  
2 6 14 23 8 512 104 192 168 255 129  
2 6 14 23 8 522 106 192 168 255 129  
2 6 14 23 8 524 162 192 168 255 129  
2 6 14 23 8 532 109 192 168 255 129  
2 6 14 23 8 542 110 192 168 255 129  
2 6 14 23 8 542 107 192 168 255 129  
2 6 14 23 8 552 111 192 168 255 129  
2 6 14 23 8 552 112 192 168 255 129  
2 6 14 23 8 552 113 192 168 255 129  
2 6 14 23 8 552 114 192 168 255 129  
2 6 14 23 8 954 113 192 168 255 129  
2 6 14 23 9 210 248 192 168 255 129  
2 6 14 23 9 210 249 192 168 255 129  
2 6 14 23 9 210 147 192 168 255 129  
2 6 14 23 9 226 148 192 168 255 129  
2 6 14 23 9 306 154 192 168 255 129  
2 6 14 23 9 306 157 192 168 255 129  
2 6 14 23 9 376 150 192 168 255 129  
2 6 14 23 9 376 151 192 168 255 129  
2 6 14 23 9 394 194 192 168 255 129  
2 6 14 23 9 942 114 192 168 255 129  
2 6 14 23 10 214 252 192 168 255 129  
2 6 14 23 10 214 253 192 168 255 129  
2 6 14 23 10 221 151 192 168 255 129  
2 6 14 23 10 221 152 192 168 255 129  
2 6 14 23 10 312 198 192 168 255 129  
2 6 14 23 10 312 201 192 168 255 129  
2 6 14 23 10 381 154 192 168 255 129  
2 6 14 23 10 381 155 192 168 255 129  
2 6 14 23 10 401 200 192 168 255 129  
2 6 14 23 10 826 109 192 168 255 129  
2 6 14 23 10 849 251 192 168 255 129  
2 6 14 23 10 859 2 192 168 255 129  
2 6 14 23 10 869 4 192 168 255 129  
2 6 14 23 10 946 115 192 168 255 129  
2 6 14 23 11 210 1 192 168 255 129  
2 6 14 23 11 217 155 192 168 255 129  
2 6 14 23 11 220 2 192 168 255 129  
2 6 14 23 11 227 156 192 168 255 129  
2 6 14 23 11 312 23 192 168 255 129  
2 6 14 23 11 312 26 192 168 255 129  
2 6 14 23 11 377 158 192 168 255 129  
2 6 14 23 11 387 159 192 168 255 129  
2 6 14 23 11 412 41 192 168 255 129  
2 6 14 23 11 571 38 192 168 255 129  
2 6 14 23 11 574 50 192 168 255 129  
2 6 14 23 11 584 53 192 168 255 129  
2 6 14 23 11 584 67 192 168 255 129  
2 6 14 23 11 594 55 192 168 255 129  
2 6 14 23 11 599 165 192 168 255 129  
2 6 14 23 11 604 58 192 168 255 129  
2 6 14 23 11 614 59 192 168 255 129  
2 6 14 23 11 624 62 192 168 255 129  
2 6 14 23 11 631 112 192 168 255 129  
2 6 14 23 11 634 64 192 168 255 129  
2 6 14 23 11 634 65 192 168 255 129  
2 6 14 23 11 634 66 192 168 255 129  
2 6 14 23 11 634 67 192 168 255 129  
2 6 14 23 11 943 116 192 168 255 129  
2 6 14 23 12 206 211 192 168 255 129  
2 6 14 23 12 216 5 192 168 255 129  
2 6 14 23 12 216 6 192 168 255 129  
2 6 14 23 12 223 160 192 168 255 129  
2 6 14 23 12 223 161 192 168 255 129  
2 6 14 23 12 308 92 192 168 255 129  
2 6 14 23 12 308 95 192 168 255 129  
2 6 14 23 12 383 163 192 168 255 129  
2 6 14 23 12 393 164 192 168 255 129  
2 6 14 23 12 393 165 192 168 255 129  
2 6 14 23 12 462 128 192 168 255 129  
2 6 14 23 12 462 130 192 168 255 129  
2 6 14 23 12 470 131 192 168 255 129  
2 6 14 23 12 470 132 192 168 255 129  
2 6 14 23 12 475 218 192 168 255 129  
2 6 14 23 12 497 221 192 168 255 129  
2 6 14 23 12 497 222 192 168 255 129  
2 6 14 23 12 497 224 192 168 255 129  
2 6 14 23 12 497 225 192 168 255 129  
2 6 14 23 12 507 227 192 168 255 129  
2 6 14 23 12 507 228 192 168 255 129  
2 6 14 23 12 507 231 192 168 255 129  
2 6 14 23 12 507 233 192 168 255 129  
2 6 14 23 12 512 133 192 168 255 129  
2 6 14 23 12 527 141 192 168 255 129  
2 6 14 23 12 543 154 192 168 255 129  
2 6 14 23 12 564 156 192 168 255 129  
2 6 14 23 12 564 158 192 168 255 129  
2 6 14 23 12 569 252 192 168 255 129  
2 6 14 23 12 569 255 192 168 255 129  
2 6 14 23 12 574 163 192 168 255 129  
2 6 14 23 12 579 181 192 168 255 129  
2 6 14 23 12 579 184 192 168 255 129  
2 6 14 23 12 579 185 192 168 255 129  
2 6 14 23 12 581 3 192 168 255 129  
2 6 14 23 12 589 187 192 168 255 129  
2 6 14 23 12 589 192 192 168 255 129  
2 6 14 23 12 589 193 192 168 255 129  
2 6 14 23 12 594 176 192 168 255 129  
2 6 14 23 12 594 81 192 168 255 129  
2 6 14 23 12 594 83 192 168 255 129  
2 6 14 23 12 599 198 192 168 255 129  
2 6 14 23 12 599 44 192 168 255 129  
2 6 14 23 12 599 45 192 168 255 129  
2 6 14 23 12 601 113 192 168 255 129  
2 6 14 23 12 601 114 192 168 255 129  
2 6 14 23 12 604 179 192 168 255 129  
2 6 14 23 12 604 85 192 168 255 129  
2 6 14 23 12 604 88 192 168 255 129  
