2 6 14 23 12 594 13 192 168 255 129  
2 6 14 23 12 594 15 192 168 255 129  
2 6 14 23 12 594 17 192 168 255 129  
2 6 14 23 12 594 18 192 168 255 129  
2 6 14 23 12 594 20 192 168 255 129  
2 6 14 23 12 594 22 192 168 255 129  
2 6 14 23 12 594 24 192 168 255 129  
2 6 14 23 12 594 25 192 168 255 129  
2 6 14 23 12 594 26 192 168 255 129  
2 6 14 23 12 594 28 192 168 255 129  
2 6 14 23 12 594 30 192 168 255 129  
2 6 14 23 12 594 31 192 168 255 129  
2 6 14 23 12 594 32 192 168 255 129  
2 6 14 23 12 594 34 192 168 255 129  
2 6 14 23 12 594 37 192 168 255 129  
2 6 14 23 12 596 59 192 168 255 129  
2 6 14 23 12 596 61 192 168 255 129  
2 6 14 23 12 596 62 192 168 255 129  
2 6 14 23 12 596 64 192 168 255 129  
2 6 14 23 12 596 66 192 168 255 129  
2 6 14 23 12 596 68 192 168 255 129  
2 6 14 23 12 596 85 192 168 255 129  
2 6 14 23 12 606 105 192 168 255 129  
