2 6 0 0 0 0 59 1  
2 6 0 0 0 0 129 1  
2 6 0 0 0 0 131 1  
2 6 0 0 0 0 135 1  
2 6 0 0 0 46 140 1  
2 6 0 0 0 16 142 1  
2 6 0 0 0 0 199 1  
2 6 0 0 0 0 252 1  
2 6 0 0 0 0 254 1  
2 6 0 0 0 0 1 1  
2 6 0 0 0 0 17 1  
2 6 0 0 0 0 21 1  
2 6 0 0 0 0 104 1  
2 6 0 0 0 78 122 1  
2 6 0 0 0 0 123 1  
2 6 0 0 0 0 124 1  
2 6 0 0 0 78 125 1  
2 6 0 0 0 0 127 1  
2 6 0 0 0 0 144 1  
2 6 0 0 0 15 145 1  
2 6 0 0 0 0 148 1  
2 6 0 0 0 0 149 1  
2 6 0 0 0 15 150 1  
2 6 0 0 0 16 151 1  
2 6 0 0 0 0 157 1  
2 6 0 0 0 63 181 1  
2 6 0 0 0 0 182 1  
2 6 0 0 0 0 184 1  
2 6 0 0 0 78 185 1  
2 6 0 0 0 0 187 1  
2 6 0 0 0 94 196 1  
2 6 0 0 0 0 197 1  
2 6 0 0 0 18 198 1  
2 6 0 0 0 10 206 1  
2 6 0 0 0 0 5 1  
2 6 0 0 0 0 6 1  
2 6 0 0 0 10 7 1  
2 6 0 0 0 70 8 1  
2 6 0 0 0 0 10 1  
2 6 0 0 0 15 29 1  
2 6 0 0 0 36 66 1  
2 6 0 0 0 10 67 1  
2 6 0 0 0 0 68 1  
2 6 0 0 0 5 69 1  
2 6 0 0 0 10 71 1  
2 6 0 0 0 0 100 1  
2 6 0 0 0 61 110 1  
2 6 0 0 0 15 111 1  
2 6 0 0 0 0 112 1  
2 6 0 0 0 67 113 1  
2 6 0 0 0 0 115 1  
2 6 0 0 0 0 128 1  
2 6 0 0 0 52 139 1  
2 6 0 0 0 10 140 1  
2 6 0 0 0 0 141 1  
2 6 0 0 0 82 142 1  
2 6 0 0 0 10 144 1  
2 6 0 0 0 0 165 1  
2 6 0 0 0 0 203 1  
2 6 0 0 0 0 205 1  
2 6 0 0 0 0 207 1  
2 6 0 0 0 54 214 1  
2 6 0 0 0 0 216 1  
2 6 0 0 0 41 217 1  
2 6 0 0 0 0 218 1  
2 6 0 0 0 10 221 1  
2 6 0 0 0 0 222 1  
2 6 0 0 0 10 223 1  
2 6 0 0 0 0 224 1  
2 6 0 0 0 0 227 1  
2 6 0 0 0 0 236 1  
2 6 0 0 0 0 237 1  
2 6 0 0 0 0 253 1  
2 6 0 0 0 15 20 1  
2 6 0 0 0 21 21 1  
2 6 0 0 0 0 22 1  
2 6 0 0 0 80 23 1  
2 6 0 0 0 3 25 1  
2 6 0 0 0 0 52 1  
2 6 0 0 0 50 68 1  
2 6 0 0 0 0 69 1  
2 6 0 0 0 10 70 1  
2 6 0 0 0 10 71 1  
2 6 0 0 0 10 73 1  
2 6 0 0 0 10 89 1  
2 6 0 0 0 58 99 1  
2 6 0 0 0 0 100 1  
2 6 0 0 0 10 101 1  
2 6 0 0 0 10 105 1  
2 6 0 0 0 8 108 1  
2 6 0 0 0 10 151 1  
2 6 0 0 0 45 168 1  
2 6 0 0 0 0 169 1  
2 6 0 0 0 16 170 1  
2 6 0 0 0 78 171 1  
2 6 0 0 0 0 173 1  
2 6 0 0 0 0 195 1  
2 6 0 0 0 20 219 1  
2 6 0 0 0 0 220 1  
2 6 0 0 0 2 221 1  
2 6 0 0 0 70 223 1  
2 6 0 0 0 0 225 1  
2 6 0 0 0 10 20 1  
2 6 0 0 0 15 44 1  
2 6 0 0 0 16 45 1  
2 6 0 0 0 0 46 1  
2 6 0 0 0 84 47 1  
2 6 0 0 0 0 49 1  
2 6 0 0 0 0 51 1  
2 6 0 0 0 10 52 1  
2 6 0 0 0 0 57 1  
2 6 0 0 0 0 60 1  
2 6 0 0 0 0 61 1  
2 6 0 0 0 0 63 1  
2 6 0 0 0 47 68 1  
2 6 0 0 0 20 69 1  
2 6 0 0 0 0 70 1  
2 6 0 0 0 10 89 1  
2 6 0 0 0 16 116 1  
2 6 0 0 0 0 117 1  
2 6 0 0 0 23 118 1  
2 6 0 0 0 0 159 1  
2 6 0 0 0 5 162 1  
