2 6 14 23 12 586 170 192 168 255 129  
2 6 14 23 12 586 171 192 168 255 129  
2 6 14 23 12 586 172 192 168 255 129  
2 6 14 23 12 586 173 192 168 255 129  
2 6 14 23 12 586 174 192 168 255 129  
2 6 14 23 12 586 175 192 168 255 129  
2 6 14 23 12 594 10 192 168 255 129  
2 6 14 23 12 596 49 192 168 255 129  
2 6 14 23 12 596 80 192 168 255 129  
2 6 14 23 12 596 84 192 168 255 129  
2 6 14 23 12 596 87 192 168 255 129  
2 6 14 23 12 596 88 192 168 255 129  
2 6 14 23 12 596 176 192 168 255 129  
2 6 14 23 12 596 177 192 168 255 129  
2 6 14 23 12 596 178 192 168 255 129  
2 6 14 23 12 596 179 192 168 255 129  
2 6 14 23 12 596 180 192 168 255 129  
2 6 14 23 12 596 181 192 168 255 129  
2 6 14 23 12 596 182 192 168 255 129  
2 6 14 23 12 596 183 192 168 255 129  
2 6 14 23 12 596 184 192 168 255 129  
2 6 14 23 12 596 185 192 168 255 129  
2 6 14 23 12 596 186 192 168 255 129  
2 6 14 23 12 596 187 192 168 255 129  
2 6 14 23 12 604 89 192 168 255 129  
2 6 14 23 12 604 96 192 168 255 129  
2 6 14 23 12 604 98 192 168 255 129  
2 6 14 23 12 604 100 192 168 255 129  
2 6 14 23 12 606 109 192 168 255 129  
2 6 14 23 12 606 110 192 168 255 129  
2 6 14 23 12 606 120 192 168 255 129  
