2 6 14 23 12 594 11 192 168 255 129  
2 6 14 23 12 594 12 192 168 255 129  
2 6 14 23 12 594 14 192 168 255 129  
2 6 14 23 12 594 16 192 168 255 129  
2 6 14 23 12 594 19 192 168 255 129  
2 6 14 23 12 594 21 192 168 255 129  
2 6 14 23 12 594 23 192 168 255 129  
2 6 14 23 12 594 27 192 168 255 129  
2 6 14 23 12 594 29 192 168 255 129  
2 6 14 23 12 594 33 192 168 255 129  
2 6 14 23 12 594 35 192 168 255 129  
2 6 14 23 12 594 36 192 168 255 129  
2 6 14 23 12 596 38 192 168 255 129  
2 6 14 23 12 596 39 192 168 255 129  
2 6 14 23 12 596 40 192 168 255 129  
2 6 14 23 12 596 41 192 168 255 129  
2 6 14 23 12 596 43 192 168 255 129  
2 6 14 23 12 596 50 192 168 255 129  
2 6 14 23 12 596 51 192 168 255 129  
2 6 14 23 12 596 52 192 168 255 129  
2 6 14 23 12 596 53 192 168 255 129  
2 6 14 23 12 596 54 192 168 255 129  
2 6 14 23 12 596 55 192 168 255 129  
2 6 14 23 12 596 56 192 168 255 129  
2 6 14 23 12 596 57 192 168 255 129  
2 6 14 23 12 596 58 192 168 255 129  
2 6 14 23 12 596 60 192 168 255 129  
2 6 14 23 12 596 63 192 168 255 129  
2 6 14 23 12 596 65 192 168 255 129  
2 6 14 23 12 596 67 192 168 255 129  
2 6 14 23 12 596 69 192 168 255 129  
2 6 14 23 12 596 70 192 168 255 129  
2 6 14 23 12 596 71 192 168 255 129  
2 6 14 23 12 596 72 192 168 255 129  
2 6 14 23 12 596 73 192 168 255 129  
2 6 14 23 12 596 75 192 168 255 129  
2 6 14 23 12 596 81 192 168 255 129  
2 6 14 23 12 596 82 192 168 255 129  
2 6 14 23 12 596 83 192 168 255 129  
2 6 14 23 12 596 86 192 168 255 129  
2 6 14 23 12 604 90 192 168 255 129  
2 6 14 23 12 604 91 192 168 255 129  
2 6 14 23 12 604 92 192 168 255 129  
2 6 14 23 12 604 93 192 168 255 129  
2 6 14 23 12 604 94 192 168 255 129  
2 6 14 23 12 604 95 192 168 255 129  
2 6 14 23 12 604 97 192 168 255 129  
2 6 14 23 12 604 99 192 168 255 129  
2 6 14 23 12 606 101 192 168 255 129  
2 6 14 23 12 606 102 192 168 255 129  
2 6 14 23 12 606 103 192 168 255 129  
2 6 14 23 12 606 104 192 168 255 129  
2 6 14 23 12 606 106 192 168 255 129  
2 6 14 23 12 606 107 192 168 255 129  
2 6 14 23 12 606 108 192 168 255 129  
2 6 14 23 12 606 111 192 168 255 129  
2 6 14 23 12 606 112 192 168 255 129  
2 6 14 23 12 606 113 192 168 255 129  
2 6 14 23 12 606 114 192 168 255 129  
2 6 14 23 12 606 115 192 168 255 129  
2 6 14 23 12 606 116 192 168 255 129  
2 6 14 23 12 606 117 192 168 255 129  
2 6 14 23 12 606 118 192 168 255 129  
2 6 14 23 12 606 119 192 168 255 129  
