2 6 14 22 57 328 71 192 168 255 129  
2 6 14 22 57 328 72 192 168 255 129  
2 6 14 22 57 328 73 192 168 255 129  
2 6 14 22 57 328 74 192 168 255 129  
2 6 14 22 57 328 75 192 168 255 129  
2 6 14 22 57 328 76 192 168 255 129  
2 6 14 22 57 328 77 192 168 255 129  
2 6 14 22 57 328 78 192 168 255 129  
2 6 14 22 57 328 79 192 168 255 129  
2 6 14 22 57 328 80 192 168 255 129  
2 6 14 22 57 343 81 192 168 255 129  
2 6 14 22 57 343 82 192 168 255 129  
2 6 14 22 57 343 83 192 168 255 129  
2 6 14 22 57 343 84 192 168 255 129  
2 6 14 22 57 343 88 192 168 255 129  
2 6 14 22 57 389 97 192 168 255 129  
2 6 14 22 57 389 98 192 168 255 129  
2 6 14 22 57 396 102 192 168 255 129  
2 6 14 22 57 396 103 192 168 255 129  
2 6 14 22 57 396 104 192 168 255 129  
2 6 14 22 57 396 105 192 168 255 129  
2 6 14 22 57 396 106 192 168 255 129  
2 6 14 22 57 396 107 192 168 255 129  
2 6 14 22 57 396 108 192 168 255 129  
2 6 14 22 57 428 117 192 168 255 129  
2 6 14 22 57 428 118 192 168 255 129  
2 6 14 22 57 443 122 192 168 255 129  
2 6 14 22 57 474 132 192 168 255 129  
2 6 14 22 57 474 133 192 168 255 129  
2 6 14 22 57 599 143 192 168 255 129  
2 6 14 22 57 599 144 192 168 255 129  
2 6 14 22 57 599 145 192 168 255 129  
2 6 14 22 57 599 146 192 168 255 129  
2 6 14 22 57 599 147 192 168 255 129  
2 6 14 22 57 599 148 192 168 255 129  
2 6 14 22 57 599 149 192 168 255 129  
2 6 14 22 57 599 150 192 168 255 129  
2 6 14 22 57 800 152 192 168 255 129  
2 6 14 22 57 800 153 192 168 255 129  
2 6 14 22 57 800 154 192 168 255 129  
2 6 14 22 57 800 155 192 168 255 129  
2 6 14 22 57 800 156 192 168 255 129  
2 6 14 22 57 810 157 192 168 255 129  
2 6 14 22 57 810 158 192 168 255 129  
2 6 14 22 57 810 159 192 168 255 129  
2 6 14 22 58 162 168 192 168 255 129  
2 6 14 22 58 178 172 192 168 255 129  
2 6 14 22 58 178 173 192 168 255 129  
2 6 14 22 58 193 178 192 168 255 129  
2 6 14 22 58 224 182 192 168 255 129  
2 6 14 22 58 224 184 192 168 255 129  
2 6 14 22 58 224 185 192 168 255 129  
2 6 14 22 58 256 189 192 168 255 129  
2 6 14 22 58 256 190 192 168 255 129  
2 6 14 22 58 256 192 192 168 255 129  
2 6 14 22 58 271 202 192 168 255 129  
2 6 14 22 58 271 203 192 168 255 129  
2 6 14 22 58 287 206 192 168 255 129  
2 6 14 22 58 325 218 192 168 255 129  
2 6 14 22 58 325 219 192 168 255 129  
2 6 14 22 58 325 220 192 168 255 129  
2 6 14 22 58 345 221 192 168 255 129  
2 6 14 22 58 345 222 192 168 255 129  
2 6 14 22 58 365 228 192 168 255 129  
2 6 14 22 58 385 234 192 168 255 129  
2 6 14 22 58 385 235 192 168 255 129  
2 6 14 22 58 385 236 192 168 255 129  
2 6 14 22 58 415 242 192 168 255 129  
2 6 14 22 58 415 243 192 168 255 129  
2 6 14 22 58 415 245 192 168 255 129  
2 6 14 22 58 542 22 192 168 255 129  
2 6 14 22 58 542 23 192 168 255 129  
2 6 14 22 58 552 25 192 168 255 129  
2 6 14 22 58 552 26 192 168 255 129  
2 6 14 22 58 552 27 192 168 255 129  
2 6 14 22 58 552 28 192 168 255 129  
2 6 14 22 58 562 29 192 168 255 129  
2 6 14 22 58 562 30 192 168 255 129  
2 6 14 22 58 562 31 192 168 255 129  
2 6 14 22 58 562 32 192 168 255 129  
2 6 14 22 58 562 33 192 168 255 129  
2 6 14 22 58 562 34 192 168 255 129  
2 6 14 22 58 572 35 192 168 255 129  
2 6 14 22 58 572 36 192 168 255 129  
2 6 14 22 58 572 37 192 168 255 129  
2 6 14 22 58 572 38 192 168 255 129  
2 6 14 22 58 572 39 192 168 255 129  
2 6 14 22 58 572 40 192 168 255 129  
2 6 14 22 58 572 41 192 168 255 129  
2 6 14 22 58 582 42 192 168 255 129  
2 6 14 22 58 582 43 192 168 255 129  
2 6 14 22 58 582 44 192 168 255 129  
2 6 14 22 58 582 45 192 168 255 129  
2 6 14 22 58 582 46 192 168 255 129  
2 6 14 22 58 712 59 192 168 255 129  
2 6 14 22 58 732 64 192 168 255 129  
2 6 14 22 58 732 65 192 168 255 129  
2 6 14 22 58 903 77 192 168 255 129  
2 6 14 22 58 923 83 192 168 255 129  
2 6 14 22 58 923 84 192 168 255 129  
2 6 14 22 58 933 85 192 168 255 129  
2 6 14 22 58 943 91 192 168 255 129  
2 6 14 22 58 953 92 192 168 255 129  
2 6 14 22 58 953 93 192 168 255 129  
2 6 14 22 59 540 128 192 168 255 129  
2 6 14 22 59 540 129 192 168 255 129  
2 6 14 22 59 540 130 192 168 255 129  
2 6 14 22 59 540 131 192 168 255 129  
2 6 14 22 59 540 132 192 168 255 129  
2 6 14 22 59 556 133 192 168 255 129  
2 6 14 22 59 556 134 192 168 255 129  
2 6 14 22 59 556 135 192 168 255 129  
2 6 14 22 59 556 136 192 168 255 129  
2 6 14 22 59 556 137 192 168 255 129  
2 6 14 22 59 556 138 192 168 255 129  
2 6 14 22 59 556 139 192 168 255 129  
2 6 14 22 59 556 140 192 168 255 129  
2 6 14 22 59 556 141 192 168 255 129  
2 6 14 22 59 556 142 192 168 255 129  
2 6 14 22 59 556 143 192 168 255 129  
2 6 14 23 0 352 167 192 168 255 129  
2 6 14 23 0 352 168 192 168 255 129  
2 6 14 23 0 352 169 192 168 255 129  
2 6 14 23 0 352 170 192 168 255 129  
2 6 14 23 0 352 171 192 168 255 129  
2 6 14 23 0 352 172 192 168 255 129  
2 6 14 23 0 352 173 192 168 255 129  
2 6 14 23 0 352 174 192 168 255 129  
2 6 14 23 0 352 175 192 168 255 129  
2 6 14 23 0 352 176 192 168 255 129  
2 6 14 23 0 352 177 192 168 255 129  
2 6 14 23 0 367 178 192 168 255 129  
2 6 14 23 0 367 179 192 168 255 129  
2 6 14 23 0 367 180 192 168 255 129  
2 6 14 23 0 554 188 192 168 255 129  
2 6 14 23 0 554 189 192 168 255 129  
2 6 14 23 0 554 190 192 168 255 129  
2 6 14 23 0 554 191 192 168 255 129  
2 6 14 23 0 554 192 192 168 255 129  
2 6 14 23 0 554 193 192 168 255 129  
2 6 14 23 0 554 194 192 168 255 129  
2 6 14 23 0 554 195 192 168 255 129  
2 6 14 23 0 916 201 192 168 255 129  
2 6 14 23 1 361 216 192 168 255 129  
2 6 14 23 1 361 217 192 168 255 129  
2 6 14 23 1 361 218 192 168 255 129  
2 6 14 23 1 361 219 192 168 255 129  
2 6 14 23 1 361 220 192 168 255 129  
2 6 14 23 1 371 221 192 168 255 129  
2 6 14 23 1 371 222 192 168 255 129  
2 6 14 23 1 371 223 192 168 255 129  
2 6 14 23 1 371 224 192 168 255 129  
2 6 14 23 1 371 225 192 168 255 129  
2 6 14 23 1 381 226 192 168 255 129  
2 6 14 23 1 381 227 192 168 255 129  
2 6 14 23 1 381 228 192 168 255 129  
2 6 14 23 1 381 229 192 168 255 129  
2 6 14 23 1 381 230 192 168 255 129  
2 6 14 23 1 381 231 192 168 255 129  
2 6 14 23 1 381 232 192 168 255 129  
2 6 14 23 1 391 233 192 168 255 129  
2 6 14 23 1 391 234 192 168 255 129  
2 6 14 23 1 391 235 192 168 255 129  
2 6 14 23 1 391 236 192 168 255 129  
2 6 14 23 1 391 237 192 168 255 129  
2 6 14 23 1 391 238 192 168 255 129  
2 6 14 23 1 391 239 192 168 255 129  
2 6 14 23 1 401 240 192 168 255 129  
2 6 14 23 1 401 241 192 168 255 129  
2 6 14 23 1 401 242 192 168 255 129  
2 6 14 23 1 401 243 192 168 255 129  
2 6 14 23 1 401 244 192 168 255 129  
2 6 14 23 1 411 245 192 168 255 129  
2 6 14 23 1 411 246 192 168 255 129  
2 6 14 23 1 411 247 192 168 255 129  
2 6 14 23 1 411 248 192 168 255 129  
2 6 14 23 1 411 249 192 168 255 129  
2 6 14 23 1 411 250 192 168 255 129  
2 6 14 23 1 441 251 192 168 255 129  
2 6 14 23 1 441 252 192 168 255 129  
2 6 14 23 1 441 253 192 168 255 129  
2 6 14 23 1 571 11 192 168 255 129  
2 6 14 23 1 571 12 192 168 255 129  
2 6 14 23 1 571 13 192 168 255 129  
2 6 14 23 1 571 14 192 168 255 129  
2 6 14 23 1 571 15 192 168 255 129  
2 6 14 23 1 581 16 192 168 255 129  
2 6 14 23 1 581 17 192 168 255 129  
2 6 14 23 1 581 18 192 168 255 129  
2 6 14 23 1 581 19 192 168 255 129  
2 6 14 23 1 581 20 192 168 255 129  
2 6 14 23 1 581 21 192 168 255 129  
2 6 14 23 1 591 22 192 168 255 129  
2 6 14 23 1 591 23 192 168 255 129  
2 6 14 23 2 337 40 192 168 255 129  
2 6 14 23 2 362 44 192 168 255 129  
2 6 14 23 2 362 45 192 168 255 129  
2 6 14 23 2 362 46 192 168 255 129  
2 6 14 23 2 362 47 192 168 255 129  
2 6 14 23 2 377 48 192 168 255 129  
2 6 14 23 2 377 49 192 168 255 129  
2 6 14 23 2 377 50 192 168 255 129  
2 6 14 23 2 377 51 192 168 255 129  
2 6 14 23 2 377 52 192 168 255 129  
2 6 14 23 2 377 53 192 168 255 129  
2 6 14 23 2 377 54 192 168 255 129  
2 6 14 23 2 377 55 192 168 255 129  
2 6 14 23 2 377 56 192 168 255 129  
2 6 14 23 2 377 57 192 168 255 129  
2 6 14 23 2 377 58 192 168 255 129  
2 6 14 23 2 377 59 192 168 255 129  
2 6 14 23 2 973 75 192 168 255 129  
2 6 14 23 2 973 76 192 168 255 129  
2 6 14 23 2 973 77 192 168 255 129  
2 6 14 23 2 973 78 192 168 255 129  
2 6 14 23 2 973 79 192 168 255 129  
2 6 14 23 2 983 80 192 168 255 129  
2 6 14 23 2 983 81 192 168 255 129  
2 6 14 23 2 983 82 192 168 255 129  
2 6 14 23 3 175 83 192 168 255 129  
2 6 14 23 3 175 84 192 168 255 129  
2 6 14 23 3 175 85 192 168 255 129  
2 6 14 23 3 175 86 192 168 255 129  
2 6 14 23 3 175 87 192 168 255 129  
2 6 14 23 3 185 88 192 168 255 129  
2 6 14 23 3 185 89 192 168 255 129  
2 6 14 23 3 185 90 192 168 255 129  
2 6 14 23 3 185 91 192 168 255 129  
2 6 14 23 3 185 92 192 168 255 129  
2 6 14 23 3 195 93 192 168 255 129  
2 6 14 23 3 195 94 192 168 255 129  
2 6 14 23 3 195 95 192 168 255 129  
2 6 14 23 3 195 96 192 168 255 129  
2 6 14 23 3 195 97 192 168 255 129  
2 6 14 23 3 195 98 192 168 255 129  
2 6 14 23 3 970 119 192 168 255 129  
2 6 14 23 3 970 120 192 168 255 129  
2 6 14 23 3 970 121 192 168 255 129  
2 6 14 23 3 970 122 192 168 255 129  
2 6 14 23 3 970 123 192 168 255 129  
2 6 14 23 3 980 124 192 168 255 129  
2 6 14 23 3 980 125 192 168 255 129  
2 6 14 23 3 980 126 192 168 255 129  
2 6 14 23 5 178 148 192 168 255 129  
2 6 14 23 5 178 149 192 168 255 129  
2 6 14 23 5 178 150 192 168 255 129  
2 6 14 23 5 178 151 192 168 255 129  
2 6 14 23 5 178 152 192 168 255 129  
2 6 14 23 5 188 153 192 168 255 129  
2 6 14 23 5 188 154 192 168 255 129  
2 6 14 23 5 188 155 192 168 255 129  
2 6 14 23 5 188 156 192 168 255 129  
2 6 14 23 5 188 157 192 168 255 129  
2 6 14 23 5 198 158 192 168 255 129  
2 6 14 23 5 198 159 192 168 255 129  
2 6 14 23 5 198 160 192 168 255 129  
2 6 14 23 5 198 161 192 168 255 129  
2 6 14 23 5 198 162 192 168 255 129  
2 6 14 23 5 198 163 192 168 255 129  
2 6 14 23 5 380 176 192 168 255 129  
2 6 14 23 5 380 177 192 168 255 129  
2 6 14 23 5 380 178 192 168 255 129  
2 6 14 23 5 380 179 192 168 255 129  
2 6 14 23 5 380 180 192 168 255 129  
2 6 14 23 5 390 181 192 168 255 129  
2 6 14 23 5 390 182 192 168 255 129  
2 6 14 23 5 390 183 192 168 255 129  
2 6 14 23 5 390 184 192 168 255 129  
2 6 14 23 5 390 185 192 168 255 129  
2 6 14 23 5 390 186 192 168 255 129  
2 6 14 23 5 390 187 192 168 255 129  
2 6 14 23 5 390 188 192 168 255 129  
2 6 14 23 5 400 189 192 168 255 129  
2 6 14 23 5 400 190 192 168 255 129  
2 6 14 23 5 400 191 192 168 255 129  
2 6 14 23 5 400 192 192 168 255 129  
2 6 14 23 5 400 193 192 168 255 129  
2 6 14 23 5 400 194 192 168 255 129  
2 6 14 23 5 400 195 192 168 255 129  
2 6 14 23 5 400 196 192 168 255 129  
2 6 14 23 5 400 197 192 168 255 129  
2 6 14 23 5 400 198 192 168 255 129  
2 6 14 23 5 410 199 192 168 255 129  
2 6 14 23 5 782 228 192 168 255 129  
2 6 14 23 5 782 229 192 168 255 129  
2 6 14 23 5 782 230 192 168 255 129  
2 6 14 23 5 782 231 192 168 255 129  
2 6 14 23 5 782 232 192 168 255 129  
2 6 14 23 5 792 233 192 168 255 129  
2 6 14 23 5 792 234 192 168 255 129  
2 6 14 23 5 792 235 192 168 255 129  
2 6 14 23 5 964 243 192 168 255 129  
2 6 14 23 5 979 244 192 168 255 129  
2 6 14 23 5 979 245 192 168 255 129  
2 6 14 23 5 979 246 192 168 255 129  
2 6 14 23 5 979 247 192 168 255 129  
2 6 14 23 5 979 248 192 168 255 129  
2 6 14 23 5 979 249 192 168 255 129  
2 6 14 23 5 979 250 192 168 255 129  
2 6 14 23 5 979 251 192 168 255 129  
2 6 14 23 6 380 8 192 168 255 129  
2 6 14 23 6 380 9 192 168 255 129  
2 6 14 23 6 380 10 192 168 255 129  
2 6 14 23 6 380 11 192 168 255 129  
2 6 14 23 6 380 12 192 168 255 129  
2 6 14 23 6 395 13 192 168 255 129  
2 6 14 23 6 777 26 192 168 255 129  
2 6 14 23 6 777 27 192 168 255 129  
2 6 14 23 6 777 28 192 168 255 129  
2 6 14 23 6 777 29 192 168 255 129  
2 6 14 23 6 787 30 192 168 255 129  
2 6 14 23 6 979 34 192 168 255 129  
2 6 14 23 6 979 35 192 168 255 129  
2 6 14 23 6 979 36 192 168 255 129  
2 6 14 23 6 979 37 192 168 255 129  
2 6 14 23 6 979 38 192 168 255 129  
2 6 14 23 6 989 39 192 168 255 129  
2 6 14 23 6 989 40 192 168 255 129  
2 6 14 23 6 989 41 192 168 255 129  
2 6 14 23 7 179 43 192 168 255 129  
2 6 14 23 7 179 44 192 168 255 129  
2 6 14 23 7 179 45 192 168 255 129  
2 6 14 23 7 179 46 192 168 255 129  
2 6 14 23 7 179 47 192 168 255 129  
2 6 14 23 7 179 48 192 168 255 129  
2 6 14 23 7 179 49 192 168 255 129  
2 6 14 23 7 179 50 192 168 255 129  
2 6 14 23 7 378 62 192 168 255 129  
2 6 14 23 7 378 63 192 168 255 129  
2 6 14 23 7 378 64 192 168 255 129  
2 6 14 23 7 378 65 192 168 255 129  
2 6 14 23 7 378 66 192 168 255 129  
2 6 14 23 7 393 67 192 168 255 129  
2 6 14 23 7 777 74 192 168 255 129  
2 6 14 23 7 777 75 192 168 255 129  
2 6 14 23 7 777 76 192 168 255 129  
2 6 14 23 7 988 80 192 168 255 129  
2 6 14 23 7 988 81 192 168 255 129  
2 6 14 23 7 988 82 192 168 255 129  
2 6 14 23 7 988 83 192 168 255 129  
2 6 14 23 7 988 84 192 168 255 129  
2 6 14 23 7 998 85 192 168 255 129  
2 6 14 23 7 998 86 192 168 255 129  
2 6 14 23 7 998 87 192 168 255 129  
2 6 14 23 8 582 115 192 168 255 129  
2 6 14 23 8 582 116 192 168 255 129  
2 6 14 23 8 582 117 192 168 255 129  
2 6 14 23 8 582 118 192 168 255 129  
2 6 14 23 8 582 119 192 168 255 129  
2 6 14 23 8 592 120 192 168 255 129  
2 6 14 23 8 592 121 192 168 255 129  
2 6 14 23 8 592 122 192 168 255 129  
2 6 14 23 8 779 123 192 168 255 129  
2 6 14 23 8 779 124 192 168 255 129  
2 6 14 23 8 779 125 192 168 255 129  
2 6 14 23 8 779 126 192 168 255 129  
2 6 14 23 8 779 127 192 168 255 129  
2 6 14 23 8 779 128 192 168 255 129  
2 6 14 23 8 779 129 192 168 255 129  
2 6 14 23 8 779 130 192 168 255 129  
2 6 14 23 8 779 131 192 168 255 129  
2 6 14 23 8 779 132 192 168 255 129  
2 6 14 23 8 795 133 192 168 255 129  
2 6 14 23 8 795 134 192 168 255 129  
2 6 14 23 8 795 135 192 168 255 129  
2 6 14 23 8 795 136 192 168 255 129  
2 6 14 23 8 795 137 192 168 255 129  
2 6 14 23 8 795 138 192 168 255 129  
2 6 14 23 8 795 139 192 168 255 129  
2 6 14 23 8 810 140 192 168 255 129  
2 6 14 23 8 810 141 192 168 255 129  
2 6 14 23 8 810 142 192 168 255 129  
2 6 14 23 8 810 143 192 168 255 129  
2 6 14 23 8 810 144 192 168 255 129  
2 6 14 23 8 810 145 192 168 255 129  
2 6 14 23 8 810 146 192 168 255 129  
2 6 14 23 9 376 162 192 168 255 129  
2 6 14 23 9 376 163 192 168 255 129  
2 6 14 23 9 376 164 192 168 255 129  
2 6 14 23 9 376 165 192 168 255 129  
2 6 14 23 9 376 166 192 168 255 129  
2 6 14 23 9 399 167 192 168 255 129  
2 6 14 23 9 578 174 192 168 255 129  
2 6 14 23 9 578 175 192 168 255 129  
2 6 14 23 9 578 176 192 168 255 129  
2 6 14 23 9 578 177 192 168 255 129  
2 6 14 23 9 578 178 192 168 255 129  
2 6 14 23 9 594 179 192 168 255 129  
2 6 14 23 9 594 180 192 168 255 129  
2 6 14 23 9 594 181 192 168 255 129  
2 6 14 23 9 594 182 192 168 255 129  
2 6 14 23 9 594 183 192 168 255 129  
2 6 14 23 9 609 184 192 168 255 129  
2 6 14 23 9 609 185 192 168 255 129  
2 6 14 23 9 609 186 192 168 255 129  
2 6 14 23 9 609 187 192 168 255 129  
2 6 14 23 9 609 188 192 168 255 129  
2 6 14 23 9 609 189 192 168 255 129  
2 6 14 23 10 394 205 192 168 255 129  
2 6 14 23 10 394 206 192 168 255 129  
2 6 14 23 10 394 207 192 168 255 129  
2 6 14 23 10 394 208 192 168 255 129  
2 6 14 23 10 394 209 192 168 255 129  
2 6 14 23 10 404 210 192 168 255 129  
2 6 14 23 10 404 211 192 168 255 129  
2 6 14 23 10 404 212 192 168 255 129  
2 6 14 23 10 414 213 192 168 255 129  
2 6 14 23 10 414 214 192 168 255 129  
2 6 14 23 10 414 215 192 168 255 129  
2 6 14 23 10 414 216 192 168 255 129  
2 6 14 23 10 414 217 192 168 255 129  
2 6 14 23 10 414 218 192 168 255 129  
2 6 14 23 10 596 226 192 168 255 129  
2 6 14 23 10 596 227 192 168 255 129  
2 6 14 23 10 596 228 192 168 255 129  
2 6 14 23 10 596 229 192 168 255 129  
2 6 14 23 10 596 230 192 168 255 129  
2 6 14 23 10 606 231 192 168 255 129  
2 6 14 23 10 606 232 192 168 255 129  
2 6 14 23 10 606 233 192 168 255 129  
2 6 14 23 10 606 234 192 168 255 129  
2 6 14 23 10 606 235 192 168 255 129  
2 6 14 23 10 614 236 192 168 255 129  
2 6 14 23 10 614 237 192 168 255 129  
2 6 14 23 10 614 238 192 168 255 129  
2 6 14 23 10 614 239 192 168 255 129  
2 6 14 23 10 614 240 192 168 255 129  
2 6 14 23 10 614 241 192 168 255 129  
2 6 14 23 10 794 242 192 168 255 129  
2 6 14 23 10 794 243 192 168 255 129  
2 6 14 23 10 794 244 192 168 255 129  
2 6 14 23 10 794 245 192 168 255 129  
2 6 14 23 10 794 246 192 168 255 129  
2 6 14 23 10 794 247 192 168 255 129  
2 6 14 23 10 794 248 192 168 255 129  
2 6 14 23 10 794 249 192 168 255 129  
2 6 14 23 10 849 250 192 168 255 129  
2 6 14 23 10 849 252 192 168 255 129  
2 6 14 23 10 849 255 192 168 255 129  
2 6 14 23 10 849 1 192 168 255 129  
2 6 14 23 10 919 7 192 168 255 129  
2 6 14 23 11 200 11 192 168 255 129  
2 6 14 23 11 200 12 192 168 255 129  
2 6 14 23 11 200 13 192 168 255 129  
2 6 14 23 11 200 14 192 168 255 129  
2 6 14 23 11 200 15 192 168 255 129  
2 6 14 23 11 210 16 192 168 255 129  
2 6 14 23 11 210 17 192 168 255 129  
2 6 14 23 11 210 18 192 168 255 129  
2 6 14 23 11 402 30 192 168 255 129  
2 6 14 23 11 402 31 192 168 255 129  
2 6 14 23 11 402 32 192 168 255 129  
2 6 14 23 11 402 33 192 168 255 129  
2 6 14 23 11 402 34 192 168 255 129  
2 6 14 23 11 412 35 192 168 255 129  
2 6 14 23 11 412 36 192 168 255 129  
2 6 14 23 11 412 37 192 168 255 129  
2 6 14 23 11 806 71 192 168 255 129  
2 6 14 23 11 806 72 192 168 255 129  
2 6 14 23 11 806 73 192 168 255 129  
2 6 14 23 11 806 74 192 168 255 129  
2 6 14 23 11 806 75 192 168 255 129  
2 6 14 23 11 816 76 192 168 255 129  
2 6 14 23 11 816 77 192 168 255 129  
2 6 14 23 11 816 78 192 168 255 129  
2 6 14 23 12 208 83 192 168 255 129  
2 6 14 23 12 208 84 192 168 255 129  
2 6 14 23 12 208 85 192 168 255 129  
2 6 14 23 12 208 86 192 168 255 129  
2 6 14 23 12 218 87 192 168 255 129  
2 6 14 23 12 338 99 192 168 255 129  
2 6 14 23 12 396 100 192 168 255 129  
2 6 14 23 12 396 101 192 168 255 129  
2 6 14 23 12 396 102 192 168 255 129  
2 6 14 23 12 396 103 192 168 255 129  
2 6 14 23 12 396 104 192 168 255 129  
2 6 14 23 12 396 105 192 168 255 129  
2 6 14 23 12 396 106 192 168 255 129  
2 6 14 23 12 396 107 192 168 255 129  
2 6 14 23 12 396 108 192 168 255 129  
2 6 14 23 12 396 109 192 168 255 129  
2 6 14 23 12 411 110 192 168 255 129  
2 6 14 23 12 411 111 192 168 255 129  
2 6 14 23 12 411 112 192 168 255 129  
2 6 14 23 12 411 113 192 168 255 129  
2 6 14 23 12 411 114 192 168 255 129  
2 6 14 23 12 411 115 192 168 255 129  
2 6 14 23 12 450 119 192 168 255 129  
2 6 14 23 12 450 120 192 168 255 129  
2 6 14 23 12 450 121 192 168 255 129  
2 6 14 23 12 450 122 192 168 255 129  
2 6 14 23 12 450 123 192 168 255 129  
2 6 14 23 12 450 124 192 168 255 129  
2 6 14 23 12 462 125 192 168 255 129  
2 6 14 23 12 462 126 192 168 255 129  
2 6 14 23 12 462 127 192 168 255 129  
2 6 14 23 12 512 134 192 168 255 129  
2 6 14 23 12 512 135 192 168 255 129  
2 6 14 23 12 512 136 192 168 255 129  
2 6 14 23 12 522 137 192 168 255 129  
2 6 14 23 12 522 138 192 168 255 129  
2 6 14 23 12 522 139 192 168 255 129  
2 6 14 23 12 522 140 192 168 255 129  
2 6 14 23 12 527 143 192 168 255 129  
2 6 14 23 12 527 144 192 168 255 129  
2 6 14 23 12 527 145 192 168 255 129  
2 6 14 23 12 543 146 192 168 255 129  
2 6 14 23 12 543 147 192 168 255 129  
2 6 14 23 12 543 148 192 168 255 129  
2 6 14 23 12 543 149 192 168 255 129  
2 6 14 23 12 543 150 192 168 255 129  
2 6 14 23 12 543 151 192 168 255 129  
2 6 14 23 12 543 152 192 168 255 129  
2 6 14 23 12 543 153 192 168 255 129  
2 6 14 23 12 564 161 192 168 255 129  
2 6 14 23 12 574 164 192 168 255 129  
2 6 14 23 12 574 165 192 168 255 129  
2 6 14 23 12 574 166 192 168 255 129  
2 6 14 23 12 584 167 192 168 255 129  
2 6 14 23 12 584 168 192 168 255 129  
2 6 14 23 12 584 169 192 168 255 129  
2 6 14 23 12 584 170 192 168 255 129  
2 6 14 23 12 584 171 192 168 255 129  
2 6 14 23 12 594 172 192 168 255 129  
2 6 14 23 12 594 173 192 168 255 129  
2 6 14 23 12 594 174 192 168 255 129  
2 6 14 23 12 594 177 192 168 255 129  
2 6 14 23 12 604 180 192 168 255 129  
