2 6 0 0 0 132 160 1  
2 6 0 0 0 0 18 1  
2 6 0 0 0 2 161 1  
2 6 0 0 0 0 162 1  
2 6 0 0 0 0 90 1  
2 6 0 0 0 0 19 1  
2 6 0 0 0 0 95 1  
2 6 0 0 0 8 97 1  
2 6 0 0 0 203 153 1  
2 6 0 0 0 21 154 1  
2 6 0 0 0 0 155 1  
2 6 0 0 0 2 21 1  
2 6 0 0 0 17 202 1  
2 6 0 0 0 0 203 1  
2 6 0 0 0 3 22 1  
2 6 0 0 0 10 204 1  
2 6 0 0 0 129 24 1  
2 6 0 0 0 0 25 1  
2 6 0 0 0 0 24 1  
2 6 0 0 0 10 26 1  
2 6 0 0 0 414 72 1  
2 6 0 0 0 8 73 1  
2 6 0 0 0 0 74 1  
2 6 0 0 0 0 26 1  
2 6 0 0 0 32 116 1  
2 6 0 0 0 0 27 1  
2 6 0 0 0 0 117 1  
2 6 0 0 0 0 118 1  
2 6 0 0 0 0 28 1  
2 6 0 0 0 0 145 1  
2 6 0 0 0 0 146 1  
2 6 0 0 0 15 147 1  
2 6 0 0 0 22 240 1  
2 6 0 0 0 8 30 1  
2 6 0 0 0 0 241 1  
2 6 0 0 0 0 242 1  
2 6 0 0 0 117 31 1  
2 6 0 0 0 10 32 1  
2 6 0 0 0 0 33 1  
2 6 0 0 0 0 32 1  
2 6 0 0 0 0 33 1  
2 6 0 0 0 0 77 1  
2 6 0 0 0 0 78 1  
2 6 0 0 0 15 79 1  
2 6 0 0 0 32 147 1  
2 6 0 0 0 0 148 1  
2 6 0 0 0 0 35 1  
2 6 0 0 0 0 149 1  
2 6 0 0 0 214 191 1  
2 6 0 0 0 0 36 1  
2 6 0 0 0 0 192 1  
2 6 0 0 0 0 193 1  
2 6 0 0 0 13 8 1  
2 6 0 0 0 7 37 1  
2 6 0 0 0 0 9 1  
2 6 0 0 0 0 10 1  
2 6 0 0 0 0 79 1  
2 6 0 0 0 0 80 1  
2 6 0 0 0 0 40 1  
2 6 0 0 0 0 81 1  
