-0.03071413976851336 -0.020087909561864244 0.0 -0.0011692116435753352 -0.0001321198808720819 0.176110329271053 0.6762498048122341 -0.04143946834055857  
-0.03071413976851336 -0.020087909561864244 0.0 -0.0011692116435753352 -0.0001321198808720819 -0.002507022110461978 -0.3792055538335787 -0.04143946834055857  
-0.03071413976851336 -0.020087909561864244 0.0 -0.0011692116435753352 -0.0001321198808720819 -0.002507022110461978 -0.36875550077767955 -0.04143946834055857  
-0.03071413976851336 -0.020087909561864244 0.0 -0.0011692116435753352 -0.0001321198808720819 -0.002507022110461978 -0.7449574107900484 -0.04143946834055857  
-0.03071413976851336 -0.020087909561864244 0.0 -0.0011692116435753352 -0.0001321198808720819 -0.002507022110461978 -0.7240573046782501 -0.04143946834055857  
-0.03071413976851336 -0.020087909561864244 0.0 -0.0011692116435753352 -0.0001321198808720819 -0.002507022110461978 -0.6927071455105528 -0.04143946834055857  
-0.03071413976851336 -0.020087909561864244 0.0 -0.0011692116435753352 -0.0001321198808720819 -0.002507022110461978 -0.4523559252248726 -0.04143946834055857  
-0.03071413976851336 -0.020087909561864244 0.0 -0.0011692116435753352 -0.0001321198808720819 0.019820146812227393 -0.3478553946658813 -0.04143946834055857  
-0.03071413976851336 -0.020087909561864244 0.0 -0.0011692116435753352 -0.0001321198808720819 -0.002507022110461978 -0.33740534160998215 -0.04143946834055857  
-0.03071413976851336 -0.020087909561864244 0.0 -0.0011692116435753352 -0.0001321198808720819 -0.002507022110461978 -0.40010565994537695 -0.04143946834055857  
-0.03071413976851336 -0.020087909561864244 0.0 -0.0011692116435753352 -0.0001321198808720819 0.176110329271053 -0.22245475799509162 -0.04143946834055857  
-0.03071413976851336 -0.020087909561864244 0.0 -0.0011692116435753352 -0.0001321198808720819 -0.002507022110461978 -0.1806545457714951 -0.04143946834055857  
-0.03071413976851336 -0.020087909561864244 0.0 -0.0011692116435753352 -0.0001321198808720819 -0.002507022110461978 -0.2956051293863856 -0.04143946834055857  
-0.03071413976851336 -0.020087909561864244 0.0 -0.0011692116435753352 -0.0001321198808720819 -0.002507022110461978 -0.0657039621566046 -0.04143946834055857  
-0.03071413976851336 -0.020087909561864244 0.0 -0.0011692116435753352 -0.0001321198808720819 -0.002507022110461978 0.028346515346487626 -0.04143946834055857  
-0.03071413976851336 -0.020087909561864244 0.0 -0.0011692116435753352 -0.0001321198808720819 -0.002507022110461978 -0.326955288554083 -0.04143946834055857  
-0.03071413976851336 -0.020087909561864244 0.0 -0.0011692116435753352 -0.0001321198808720819 0.176110329271053 0.3522981600793608 -0.04143946834055857  
-0.03071413976851336 -0.020087909561864244 0.0 -0.0011692116435753352 -0.0001321198808720819 -0.002507022110461978 0.4567986906383522 -0.04143946834055857  
-0.03071413976851336 -0.020087909561864244 0.0 -0.0011692116435753352 -0.0001321198808720819 -0.002507022110461978 0.7075999639799314 -0.04143946834055857  
-0.03071413976851336 -0.020087909561864244 0.0 -0.0011692116435753352 -0.0001321198808720819 -0.002507022110461978 0.7180500170358306 -0.04143946834055857  
-0.03071413976851336 -0.020087909561864244 0.0 -0.0011692116435753352 -0.0001321198808720819 -0.002507022110461978 -0.33740534160998215 -0.04143946834055857  
-0.03071413976851336 -0.020087909561864244 0.0 -0.0011692116435753352 -0.0001321198808720819 0.176110329271053 -0.326955288554083 -0.04143946834055857  
-0.03071413976851336 -0.020087909561864244 0.0 -0.0011692116435753352 -0.0001321198808720819 -0.002507022110461978 0.5717492742532427 -0.04143946834055857  
-0.03071413976851336 -0.020087909561864244 0.0 -0.0011692116435753352 -0.0001321198808720819 -0.002507022110461978 0.6762498048122341 -0.04143946834055857  
-0.03071413976851336 -0.020087909561864244 0.0 -0.0011692116435753352 -0.0001321198808720819 -0.002507022110461978 0.7703002823153263 -0.04143946834055857  
-0.03071413976851336 -0.020087909561864244 0.0 -0.0011692116435753352 -0.0001321198808720819 -0.002507022110461978 0.8121004945389229 -0.04143946834055857  
-0.03071413976851336 -0.020087909561864244 0.0 -0.0011692116435753352 -0.0001321198808720819 -0.002507022110461978 0.8225505475948219 -0.04143946834055857  
-0.03071413976851336 -0.020087909561864244 0.0 -0.0011692116435753352 -0.0001321198808720819 0.08680165358029551 0.9688512903774098 -0.04143946834055857  
-0.03071413976851336 -0.020087909561864244 0.0 -0.0011692116435753352 -0.0001321198808720819 -0.002507022110461978 -0.30605518244228475 -0.04143946834055857  
-0.03071413976851336 -0.020087909561864244 0.0 -0.0011692116435753352 -0.0001321198808720819 0.019820146812227393 -0.2956051293863856 -0.04143946834055857  
-0.03071413976851336 -0.020087909561864244 0.0 -0.0011692116435753352 -0.0001321198808720819 -0.002507022110461978 1.0838018739923003 -0.04143946834055857  
-0.03071413976851336 -0.020087909561864244 0.0 -0.0011692116435753352 -0.0001321198808720819 -0.002507022110461978 -0.23290481105099076 -0.04143946834055857  
-0.03071413976851336 -0.020087909561864244 0.0 -0.0011692116435753352 -0.0001321198808720819 -0.002507022110461978 -0.8494579413490397 -0.04143946834055857  
-0.03071413976851336 -0.020087909561864244 0.0 -0.0011692116435753352 -0.0001321198808720819 0.10912882250298488 -0.8181077821813424 -0.04143946834055857  
-0.03071413976851336 -0.020087909561864244 0.0 -0.0011692116435753352 -0.0001321198808720819 -0.002507022110461978 -0.6300068271751579 -0.04143946834055857  
-0.03071413976851336 -0.020087909561864244 0.0 -0.0011692116435753352 -0.0001321198808720819 -0.002507022110461978 -0.3165052354981839 -0.04143946834055857  
-0.03071413976851336 -0.020087909561864244 0.0 -0.0011692116435753352 -0.0001321198808720819 -0.002507022110461978 -0.3896556068894778 -0.04143946834055857  
-0.03071413976851336 -0.020087909561864244 0.0 -0.0011692116435753352 -0.0001321198808720819 -0.002507022110461978 0.7598502292594271 -0.04143946834055857  
-0.03071413976851336 -0.020087909561864244 0.0 -0.0011692116435753352 -0.0001321198808720819 -0.002507022110461978 0.7703002823153263 -0.04143946834055857  
-0.03071413976851336 -0.020087909561864244 0.0 -0.0011692116435753352 -0.0001321198808720819 -0.002507022110461978 -0.2956051293863856 -0.04143946834055857  
-0.03071413976851336 -0.020087909561864244 0.0 -0.0011692116435753352 -0.0001321198808720819 -0.002507022110461978 -0.2851550763304864 -0.04143946834055857  
-0.03071413976851336 -0.020087909561864244 0.0 -0.0011692116435753352 -0.0001321198808720819 0.5221814475727382 -0.3478553946658813 -0.04143946834055857  
-0.03071413976851336 -0.020087909561864244 0.0 -0.0011692116435753352 -0.0001321198808720819 -0.002507022110461978 -1.1838596391378122 -0.04143946834055857  
-0.03071413976851336 -0.020087909561864244 0.0 -0.0011692116435753352 -0.0001321198808720819 0.1649467448097083 -0.8285578352372415 -0.04143946834055857  
-0.03071413976851336 -0.020087909561864244 0.0 -0.0011692116435753352 -0.0001321198808720819 -0.002507022110461978 -0.33740534160998215 -0.04143946834055857  
-0.03071413976851336 -0.020087909561864244 0.0 -0.0011692116435753352 -0.0001321198808720819 -0.002507022110461978 -0.3165052354981839 -0.04143946834055857  
-0.03071413976851336 -0.020087909561864244 0.0 -0.0011692116435753352 -0.0001321198808720819 -0.002507022110461978 0.20599741729677293 -0.04143946834055857  
-0.03071413976851336 -0.020087909561864244 0.0 -0.0011692116435753352 -0.0001321198808720819 -0.002507022110461978 -0.2851550763304864 -0.04143946834055857  
-0.03071413976851336 -0.020087909561864244 0.0 -0.0011692116435753352 -0.0001321198808720819 0.1649467448097083 -0.2747050232745873 -0.04143946834055857  
-0.03071413976851336 -0.020087909561864244 0.0 -0.0011692116435753352 -0.0001321198808720819 0.176110329271053 -0.26425497021868816 -0.04143946834055857  
-0.03071413976851336 -0.020087909561864244 0.0 -0.0011692116435753352 -0.0001321198808720819 -0.002507022110461978 -0.24335486410688992 -0.04143946834055857  
-0.03071413976851336 -0.020087909561864244 0.0 -0.0011692116435753352 -0.0001321198808720819 -0.002507022110461978 -0.2120047049391925 -0.04143946834055857  
-0.03071413976851336 -0.020087909561864244 0.0 -0.0011692116435753352 -0.0001321198808720819 -0.002507022110461978 -0.36875550077767955 -0.04143946834055857  
-0.03071413976851336 -0.020087909561864244 0.0 -0.0011692116435753352 -0.0001321198808720819 -0.002507022110461978 -0.17020449271559596 -0.04143946834055857  
-0.03071413976851336 -0.020087909561864244 0.0 -0.0011692116435753352 -0.0001321198808720819 -0.002507022110461978 -0.15975443965969682 -0.04143946834055857  
-0.03071413976851336 -0.020087909561864244 0.0 -0.0011692116435753352 -0.0001321198808720819 -0.002507022110461978 -0.1493043866037977 -0.04143946834055857  
-0.03071413976851336 -0.020087909561864244 0.0 -0.0011692116435753352 -0.0001321198808720819 0.176110329271053 -0.13885433354789856 -0.04143946834055857  
-0.03071413976851336 -0.020087909561864244 0.0 -0.0011692116435753352 -0.0001321198808720819 0.1649467448097083 -0.26425497021868816 -0.04143946834055857  
-0.03071413976851336 -0.020087909561864244 0.0 -0.0011692116435753352 -0.0001321198808720819 -0.002507022110461978 -0.253804917162789 -0.04143946834055857  
-0.03071413976851336 -0.020087909561864244 0.0 -0.0011692116435753352 -0.0001321198808720819 -0.002507022110461978 -0.30605518244228475 -0.04143946834055857  
-0.03071413976851336 -0.020087909561864244 0.0 -0.0011692116435753352 -0.0001321198808720819 -0.002507022110461978 0.8016504414830237 -0.04143946834055857  
-0.03071413976851336 -0.020087909561864244 0.0 -0.0011692116435753352 -0.0001321198808720819 -0.002507022110461978 0.8121004945389229 -0.04143946834055857  
-0.03071413976851336 -0.020087909561864244 0.0 -0.0011692116435753352 -0.0001321198808720819 -0.002507022110461978 -0.253804917162789 -0.04143946834055857  
-0.03071413976851336 -0.020087909561864244 0.0 -0.0011692116435753352 -0.0001321198808720819 0.1649467448097083 -0.24335486410688992 -0.04143946834055857  
-0.03071413976851336 -0.020087909561864244 0.0 -0.0011692116435753352 -0.0001321198808720819 -0.002507022110461978 0.2791477886880669 -0.04143946834055857  
-0.03071413976851336 -0.020087909561864244 0.0 -0.0011692116435753352 -0.0001321198808720819 -0.002507022110461978 0.3104979478557643 -0.04143946834055857  
-0.03071413976851336 -0.020087909561864244 0.0 -0.0011692116435753352 -0.0001321198808720819 -0.002507022110461978 0.132847045905479 -0.04143946834055857  
-0.03071413976851336 -0.020087909561864244 0.0 -0.0011692116435753352 -0.0001321198808720819 -0.002507022110461978 -0.22245475799509162 -0.04143946834055857  
-0.03071413976851336 -0.020087909561864244 0.0 -0.0011692116435753352 -0.0001321198808720819 -0.002507022110461978 -0.2120047049391925 -0.04143946834055857  
-0.03071413976851336 -0.020087909561864244 0.0 -0.0011692116435753352 -0.0001321198808720819 -0.002507022110461978 -0.2956051293863856 -0.04143946834055857  
-0.03071413976851336 -0.020087909561864244 0.0 -0.0011692116435753352 -0.0001321198808720819 -0.002507022110461978 0.8434506537066202 -0.04143946834055857  
-0.03071413976851336 -0.020087909561864244 0.0 -0.0011692116435753352 -0.0001321198808720819 0.05331090019626145 0.8539007067625194 -0.04143946834055857  
-0.03071413976851336 -0.020087909561864244 0.0 -0.0011692116435753352 -0.0001321198808720819 0.05331090019626145 -0.2120047049391925 -0.04143946834055857  
-0.03071413976851336 -0.020087909561864244 0.0 -0.0011692116435753352 -0.0001321198808720819 -0.002507022110461978 -0.20155465188329336 -0.04143946834055857  
-0.03071413976851336 -0.020087909561864244 0.0 -0.0011692116435753352 -0.0001321198808720819 -0.002507022110461978 0.7912003884271246 -0.04143946834055857  
-0.03071413976851336 -0.020087909561864244 0.0 -0.0011692116435753352 -0.0001321198808720819 -0.002507022110461978 0.8225505475948219 -0.04143946834055857  
-0.03071413976851336 -0.020087909561864244 0.0 -0.0011692116435753352 -0.0001321198808720819 -0.002507022110461978 0.1955473642408738 -0.04143946834055857  
-0.03071413976851336 -0.020087909561864244 0.0 -0.0011692116435753352 -0.0001321198808720819 0.03098373127357208 -0.1806545457714951 -0.04143946834055857  
-0.03071413976851336 -0.020087909561864244 0.0 -0.0011692116435753352 -0.0001321198808720819 -0.002507022110461978 -0.17020449271559596 -0.04143946834055857  
-0.03071413976851336 -0.020087909561864244 0.0 -0.0011692116435753352 -0.0001321198808720819 -0.002507022110461978 -1.3719605941439965 -0.04143946834055857  
-0.03071413976851336 -0.020087909561864244 0.0 -0.0011692116435753352 -0.0001321198808720819 -0.002507022110461978 0.30004789479986516 -0.04143946834055857  
-0.03071413976851336 -0.020087909561864244 0.0 -0.0011692116435753352 -0.0001321198808720819 -0.002507022110461978 -0.2851550763304864 -0.04143946834055857  
-0.03071413976851336 -0.020087909561864244 0.0 -0.0011692116435753352 -0.0001321198808720819 -0.002507022110461978 0.8852508659302167 -0.04143946834055857  
-0.03071413976851336 -0.020087909561864244 0.0 -0.0011692116435753352 -0.0001321198808720819 -0.002507022110461978 0.8957009189861159 -0.04143946834055857  
-0.03071413976851336 -0.020087909561864244 0.0 -0.0011692116435753352 -0.0001321198808720819 0.176110329271053 -0.15975443965969682 -0.04143946834055857  
-0.03071413976851336 -0.020087909561864244 0.0 -0.0011692116435753352 -0.0001321198808720819 -0.002507022110461978 -0.1493043866037977 -0.04143946834055857  
-0.03071413976851336 -0.020087909561864244 0.0 -0.0011692116435753352 -0.0001321198808720819 -0.002507022110461978 -1.0584590024670224 -0.04143946834055857  
-0.03071413976851336 -0.020087909561864244 0.0 -0.0011692116435753352 -0.0001321198808720819 -0.002507022110461978 -1.0062087371875268 -0.04143946834055857  
-0.03071413976851336 -0.020087909561864244 0.0 -0.0011692116435753352 -0.0001321198808720819 0.2430918360391211 -1.1316093738583164 -0.04143946834055857  
-0.03071413976851336 -0.020087909561864244 0.0 -0.0011692116435753352 -0.0001321198808720819 0.08680165358029551 -0.9853086310757285 -0.04143946834055857  
-0.03071413976851336 -0.020087909561864244 0.0 -0.0011692116435753352 -0.0001321198808720819 0.019820146812227393 -0.8076577291254432 -0.04143946834055857  
-0.03071413976851336 -0.020087909561864244 0.0 -0.0011692116435753352 -0.0001321198808720819 -0.002507022110461978 -0.7972076760695441 -0.04143946834055857  
-0.03071413976851336 -0.020087909561864244 0.0 -0.0011692116435753352 -0.0001321198808720819 -0.002507022110461978 -0.7867576230136449 -0.04143946834055857  
-0.03071413976851336 -0.020087909561864244 0.0 -0.0011692116435753352 -0.0001321198808720819 0.08680165358029551 -0.9644085249639303 -0.04143946834055857  
-0.03071413976851336 -0.020087909561864244 0.0 -0.0011692116435753352 -0.0001321198808720819 0.10912882250298488 -0.9539584719080312 -0.04143946834055857  
-0.03071413976851336 -0.020087909561864244 0.0 -0.0011692116435753352 -0.0001321198808720819 -0.002507022110461978 0.2268975234085712 -0.04143946834055857  
-0.03071413976851336 -0.020087909561864244 0.0 -0.0011692116435753352 -0.0001321198808720819 -0.002507022110461978 0.23734757646447036 -0.04143946834055857  
-0.03071413976851336 -0.020087909561864244 0.0 -0.0011692116435753352 -0.0001321198808720819 -0.002507022110461978 0.2477976295203695 -0.04143946834055857  
-0.03071413976851336 -0.020087909561864244 0.0 -0.0011692116435753352 -0.0001321198808720819 -0.002507022110461978 -0.943508418852132 -0.04143946834055857  
-0.03071413976851336 -0.020087909561864244 0.0 -0.0011692116435753352 -0.0001321198808720819 -0.002507022110461978 -0.12840428049199942 -0.04143946834055857  
-0.03071413976851336 -0.020087909561864244 0.0 -0.0011692116435753352 -0.0001321198808720819 -0.002507022110461978 -0.11795422743610028 -0.04143946834055857  
-0.03071413976851336 -0.020087909561864244 0.0 -0.0011692116435753352 -0.0001321198808720819 -0.002507022110461978 -0.326955288554083 -0.04143946834055857  
-0.03071413976851336 -0.020087909561864244 0.0 -0.0011692116435753352 -0.0001321198808720819 -0.002507022110461978 -0.7658575169018467 -0.04143946834055857  
-0.03071413976851336 -0.020087909561864244 0.0 -0.0011692116435753352 -0.0001321198808720819 -0.002507022110461978 -0.7554074638459476 -0.04143946834055857  
-0.03071413976851336 -0.020087909561864244 0.0 -0.0011692116435753352 -0.0001321198808720819 0.176110329271053 -0.7449574107900484 -0.04143946834055857  
-0.03071413976851336 -0.020087909561864244 0.0 -0.0011692116435753352 -0.0001321198808720819 -0.002507022110461978 -0.7345073577341493 -0.04143946834055857  
-0.03071413976851336 -0.020087909561864244 0.0 -0.0011692116435753352 -0.0001321198808720819 -0.002507022110461978 -0.7240573046782501 -0.04143946834055857  
-0.03071413976851336 -0.020087909561864244 0.0 -0.0011692116435753352 -0.0001321198808720819 -0.002507022110461978 -0.7136072516223511 -0.04143946834055857  
-0.03071413976851336 -0.020087909561864244 0.0 -0.0011692116435753352 -0.0001321198808720819 -0.002507022110461978 -0.2747050232745873 -0.04143946834055857  
-0.03071413976851336 -0.020087909561864244 0.0 -0.0011692116435753352 -0.0001321198808720819 0.03098373127357208 0.9270510781538133 -0.04143946834055857  
-0.03071413976851336 -0.020087909561864244 0.0 -0.0011692116435753352 -0.0001321198808720819 -0.002507022110461978 0.9375011312097125 -0.04143946834055857  
-0.03071413976851336 -0.020087909561864244 0.0 -0.0011692116435753352 -0.0001321198808720819 -0.002507022110461978 -0.11795422743610028 -0.04143946834055857  
-0.03071413976851336 -0.020087909561864244 0.0 -0.0011692116435753352 -0.0001321198808720819 -0.002507022110461978 -0.10750417438020114 -0.04143946834055857  
-0.03071413976851336 -0.020087909561864244 0.0 -0.0011692116435753352 -0.0001321198808720819 -0.002507022110461978 -0.3165052354981839 -0.04143946834055857  
-0.03071413976851336 -0.020087909561864244 0.0 -0.0011692116435753352 -0.0001321198808720819 -0.002507022110461978 -0.2851550763304864 -0.04143946834055857  
-0.03071413976851336 -0.020087909561864244 0.0 -0.0011692116435753352 -0.0001321198808720819 -0.002507022110461978 -0.08660406826840286 -0.04143946834055857  
-0.03071413976851336 -0.020087909561864244 0.0 -0.0011692116435753352 -0.0001321198808720819 0.10912882250298488 -0.07615401521250373 -0.04143946834055857  
-0.03071413976851336 -0.020087909561864244 0.0 -0.0011692116435753352 -0.0001321198808720819 -0.002507022110461978 -0.26425497021868816 -0.04143946834055857  
-0.03071413976851336 -0.020087909561864244 0.0 -0.0011692116435753352 -0.0001321198808720819 -0.002507022110461978 0.979301343433309 -0.04143946834055857  
-0.03071413976851336 -0.020087909561864244 0.0 -0.0011692116435753352 -0.0001321198808720819 0.019820146812227393 0.9897513964892081 -0.04143946834055857  
-0.03071413976851336 -0.020087909561864244 0.0 -0.0011692116435753352 -0.0001321198808720819 0.08680165358029551 -0.07615401521250373 -0.04143946834055857  
-0.03071413976851336 -0.020087909561864244 0.0 -0.0011692116435753352 -0.0001321198808720819 -0.002507022110461978 -0.0657039621566046 -0.04143946834055857  
-0.03071413976851336 -0.020087909561864244 0.0 -0.0011692116435753352 -0.0001321198808720819 -0.002507022110461978 -0.023903749933008055 -0.04143946834055857  
-0.03071413976851336 -0.020087909561864244 0.0 -0.0011692116435753352 -0.0001321198808720819 -0.002507022110461978 0.007446409234689354 -0.04143946834055857  
-0.03071413976851336 -0.020087909561864244 0.0 -0.0011692116435753352 -0.0001321198808720819 0.13145599142567427 -0.04480385604480633 -0.04143946834055857  
-0.03071413976851336 -0.020087909561864244 0.0 -0.0011692116435753352 -0.0001321198808720819 -0.002507022110461978 -0.03435380298890719 -0.04143946834055857  
-0.03071413976851336 -0.020087909561864244 0.0 -0.0011692116435753352 -0.0001321198808720819 -0.002507022110461978 -0.253804917162789 -0.04143946834055857  
-0.03071413976851336 -0.020087909561864244 0.0 -0.0011692116435753352 -0.0001321198808720819 0.05331090019626145 1.0211015556569056 -0.04143946834055857  
-0.03071413976851336 -0.020087909561864244 0.0 -0.0011692116435753352 -0.0001321198808720819 -0.002507022110461978 1.0315516087128047 -0.04143946834055857  
-0.03071413976851336 -0.020087909561864244 0.0 -0.0011692116435753352 -0.0001321198808720819 -0.002507022110461978 -0.03435380298890719 -0.04143946834055857  
-0.03071413976851336 -0.020087909561864244 0.0 -0.0011692116435753352 -0.0001321198808720819 0.10912882250298488 -0.023903749933008055 -0.04143946834055857  
-0.03071413976851336 -0.020087909561864244 0.0 -0.0011692116435753352 -0.0001321198808720819 -0.002507022110461978 0.36274821313525996 -0.04143946834055857  
-0.03071413976851336 -0.020087909561864244 0.0 -0.0011692116435753352 -0.0001321198808720819 -0.002507022110461978 0.39409837230295736 -0.04143946834055857  
-0.03071413976851336 -0.020087909561864244 0.0 -0.0011692116435753352 -0.0001321198808720819 -0.002507022110461978 -0.003003643821209782 -0.04143946834055857  
-0.03071413976851336 -0.020087909561864244 0.0 -0.0011692116435753352 -0.0001321198808720819 0.05331090019626145 0.007446409234689354 -0.04143946834055857  
-0.03071413976851336 -0.020087909561864244 0.0 -0.0011692116435753352 -0.0001321198808720819 0.10912882250298488 -1.0898091616347199 -0.04143946834055857  
-0.03071413976851336 -0.020087909561864244 0.0 -0.0011692116435753352 -0.0001321198808720819 -0.002507022110461978 0.6971499109240323 -0.04143946834055857  
-0.03071413976851336 -0.020087909561864244 0.0 -0.0011692116435753352 -0.0001321198808720819 0.019820146812227393 0.7075999639799314 -0.04143946834055857  
-0.03071413976851336 -0.020087909561864244 0.0 -0.0011692116435753352 -0.0001321198808720819 -0.002507022110461978 -0.7554074638459476 -0.04143946834055857  
-0.03071413976851336 -0.020087909561864244 0.0 -0.0011692116435753352 -0.0001321198808720819 0.176110329271053 0.7180500170358306 -0.04143946834055857  
-0.03071413976851336 -0.020087909561864244 0.0 -0.0011692116435753352 -0.0001321198808720819 -0.002507022110461978 0.7389501231476289 -0.04143946834055857  
-0.03071413976851336 -0.020087909561864244 0.0 -0.0011692116435753352 -0.0001321198808720819 -0.002507022110461978 0.2791477886880669 -0.04143946834055857  
-0.03071413976851336 -0.020087909561864244 0.0 -0.0011692116435753352 -0.0001321198808720819 -0.002507022110461978 0.7807503353712254 -0.04143946834055857  
-0.03071413976851336 -0.020087909561864244 0.0 -0.0011692116435753352 -0.0001321198808720819 0.176110329271053 0.7912003884271246 -0.04143946834055857  
-0.03071413976851336 -0.020087909561864244 0.0 -0.0011692116435753352 -0.0001321198808720819 -0.002507022110461978 -0.30605518244228475 -0.04143946834055857  
-0.03071413976851336 -0.020087909561864244 0.0 -0.0011692116435753352 -0.0001321198808720819 -0.002507022110461978 0.8016504414830237 -0.04143946834055857  
-0.03071413976851336 -0.020087909561864244 0.0 -0.0011692116435753352 -0.0001321198808720819 -0.002507022110461978 0.8121004945389229 -0.04143946834055857  
-0.03071413976851336 -0.020087909561864244 0.0 -0.0011692116435753352 -0.0001321198808720819 -0.002507022110461978 0.8225505475948219 -0.04143946834055857  
-0.03071413976851336 -0.020087909561864244 0.0 -0.0011692116435753352 -0.0001321198808720819 -0.002507022110461978 0.8330006006507211 -0.04143946834055857  
-0.03071413976851336 -0.020087909561864244 0.0 -0.0011692116435753352 -0.0001321198808720819 -0.002507022110461978 -0.24335486410688992 -0.04143946834055857  
-0.03071413976851336 -0.020087909561864244 0.0 -0.0011692116435753352 0.2310776716452712 -10.641403013771948 -0.7449574107900484 -0.04143946834055857  
-0.03071413976851336 -0.020087909561864244 0.0 -0.0011692116435753352 -0.0001321198808720819 -0.002507022110461978 1.0629017678805022 -0.04143946834055857  
-0.03071413976851336 -0.020087909561864244 0.0 -0.0011692116435753352 -0.0001321198808720819 0.05331090019626145 1.0733518209364012 -0.04143946834055857  
-0.03071413976851336 -0.020087909561864244 0.0 -0.0011692116435753352 -0.0001321198808720819 -0.002507022110461978 0.007446409234689354 -0.04143946834055857  
-0.03071413976851336 -0.020087909561864244 0.0 -0.0011692116435753352 -0.0001321198808720819 -0.002507022110461978 0.01789646229058849 -0.04143946834055857  
-0.03071413976851336 -0.020087909561864244 0.0 -0.0011692116435753352 -0.0001321198808720819 -0.002507022110461978 -1.3824106471998958 -0.04143946834055857  
-0.03071413976851336 -0.020087909561864244 0.0 -0.0011692116435753352 -0.0001321198808720819 -0.002507022110461978 -1.3510604880321984 -0.04143946834055857  
-0.03071413976851336 -0.020087909561864244 0.0 -0.0011692116435753352 -0.0001321198808720819 0.10912882250298488 0.03879656840238676 -0.04143946834055857  
-0.03071413976851336 -0.020087909561864244 0.0 -0.0011692116435753352 -0.0001321198808720819 -0.002507022110461978 0.0492466214582859 -0.04143946834055857  
-0.03071413976851336 -0.020087909561864244 0.0 -0.0011692116435753352 -0.0001321198808720819 -0.002507022110461978 0.3836483192470582 -0.04143946834055857  
-0.03071413976851336 -0.020087909561864244 0.0 -0.0011692116435753352 -0.0001321198808720819 -0.002507022110461978 -1.2152097983055095 -0.04143946834055857  
-0.03071413976851336 -0.020087909561864244 0.0 -0.0011692116435753352 -0.0001321198808720819 -0.002507022110461978 0.49859890286194875 -0.04143946834055857  
-0.03071413976851336 -0.020087909561864244 0.0 -0.0011692116435753352 -0.0001321198808720819 -0.002507022110461978 -0.23290481105099076 -0.04143946834055857  
-0.03071413976851336 -0.020087909561864244 0.0 -0.0011692116435753352 -0.0001321198808720819 -0.002507022110461978 1.1047019801040987 -0.04143946834055857  
-0.03071413976851336 -0.020087909561864244 0.0 -0.0011692116435753352 -0.0001321198808720819 -0.002507022110461978 1.1151520331599978 -0.04143946834055857  
-0.03071413976851336 -0.020087909561864244 0.0 -0.0011692116435753352 -0.0001321198808720819 -0.002507022110461978 0.05969667451418503 -0.04143946834055857  
-0.03071413976851336 -0.020087909561864244 0.0 -0.0011692116435753352 -0.0001321198808720819 -0.002507022110461978 0.07014672757008417 -0.04143946834055857  
-0.03071413976851336 -0.020087909561864244 0.0 -0.0011692116435753352 -0.0001321198808720819 -0.002507022110461978 -0.8181077821813424 -0.04143946834055857  
-0.03071413976851336 -0.020087909561864244 0.0 -0.0011692116435753352 -0.0001321198808720819 -0.002507022110461978 -0.7867576230136449 -0.04143946834055857  
-0.03071413976851336 -0.020087909561864244 0.0 -0.0011692116435753352 -0.0001321198808720819 -0.002507022110461978 0.09104683368188245 -0.04143946834055857  
-0.03071413976851336 -0.020087909561864244 0.0 -0.0011692116435753352 -0.0001321198808720819 -0.002507022110461978 0.5612992211973435 -0.04143946834055857  
-0.03071413976851336 -0.020087909561864244 0.0 -0.0011692116435753352 -0.0001321198808720819 -0.002507022110461978 0.10149688673778158 -0.04143946834055857  
-0.03071413976851336 -0.020087909561864244 0.0 -0.0011692116435753352 -0.0001321198808720819 -0.002507022110461978 -0.22245475799509162 -0.04143946834055857  
-0.03071413976851336 -0.020087909561864244 0.0 -0.0011692116435753352 -0.0001321198808720819 -0.002507022110461978 1.1465021923276952 -0.04143946834055857  
-0.03071413976851336 -0.020087909561864244 0.0 -0.0011692116435753352 -0.0001321198808720819 0.019820146812227393 1.1569522453835943 -0.04143946834055857  
-0.03071413976851336 -0.020087909561864244 0.0 -0.0011692116435753352 -0.0001321198808720819 0.08680165358029551 0.10149688673778158 -0.04143946834055857  
-0.03071413976851336 -0.020087909561864244 0.0 -0.0011692116435753352 -0.0001321198808720819 -0.002507022110461978 0.11194693979368071 -0.04143946834055857  
-0.03071413976851336 -0.020087909561864244 0.0 -0.0011692116435753352 -0.0001321198808720819 -0.002507022110461978 -0.43145581911307435 -0.04143946834055857  
-0.03071413976851336 -0.020087909561864244 0.0 -0.0011692116435753352 -0.0001321198808720819 -0.002507022110461978 -0.40010565994537695 -0.04143946834055857  
-0.03071413976851336 -0.020087909561864244 0.0 -0.0011692116435753352 -0.0001321198808720819 0.10912882250298488 0.132847045905479 -0.04143946834055857  
-0.03071413976851336 -0.020087909561864244 0.0 -0.0011692116435753352 -0.0001321198808720819 -0.002507022110461978 0.14329709896137813 -0.04143946834055857  
-0.03071413976851336 -0.020087909561864244 0.0 -0.0011692116435753352 -0.0001321198808720819 0.3100733428071892 -1.0375588963552242 -0.04143946834055857  
-0.03071413976851336 -0.020087909561864244 0.0 -0.0011692116435753352 -0.0001321198808720819 -0.002507022110461978 -0.326955288554083 -0.04143946834055857  
-0.03071413976851336 -0.020087909561864244 0.0 -0.0011692116435753352 -0.0001321198808720819 0.176110329271053 -0.7240573046782501 -0.04143946834055857  
-0.03071413976851336 -0.020087909561864244 0.0 -0.0011692116435753352 -0.0001321198808720819 -0.002507022110461978 -0.3165052354981839 -0.04143946834055857  
-0.03071413976851336 -0.020087909561864244 0.0 -0.0011692116435753352 -0.0001321198808720819 0.19843749819374235 -0.30605518244228475 -0.04143946834055857  
-0.03071413976851336 -0.020087909561864244 0.0 -0.0011692116435753352 -0.0001321198808720819 -0.002507022110461978 -0.2851550763304864 -0.04143946834055857  
-0.03071413976851336 -0.020087909561864244 0.0 -0.0011692116435753352 -0.0001321198808720819 0.019820146812227393 0.30004789479986516 -0.04143946834055857  
-0.03071413976851336 -0.020087909561864244 0.0 -0.0011692116435753352 -0.0001321198808720819 -0.002507022110461978 -0.253804917162789 -0.04143946834055857  
-0.03071413976851336 -0.020087909561864244 0.0 -0.0011692116435753352 -0.0001321198808720819 0.10912882250298488 -0.24335486410688992 -0.04143946834055857  
-0.03071413976851336 -0.020087909561864244 0.0 -0.0011692116435753352 -0.0001321198808720819 -0.002507022110461978 -0.2747050232745873 -0.04143946834055857  
-0.03071413976851336 -0.020087909561864244 0.0 -0.0011692116435753352 -0.0001321198808720819 0.10912882250298488 -0.23290481105099076 -0.04143946834055857  
-0.03071413976851336 -0.020087909561864244 0.0 -0.0011692116435753352 -0.0001321198808720819 -0.002507022110461978 -0.22245475799509162 -0.04143946834055857  
-0.03071413976851336 -0.020087909561864244 0.0 -0.0011692116435753352 -0.0001321198808720819 -0.002507022110461978 -0.2120047049391925 -0.04143946834055857  
-0.03071413976851336 -0.020087909561864244 0.0 -0.0011692116435753352 -0.0001321198808720819 -0.002507022110461978 -0.20155465188329336 -0.04143946834055857  
-0.03071413976851336 -0.020087909561864244 0.0 -0.0011692116435753352 -0.0001321198808720819 -0.002507022110461978 -0.2120047049391925 -0.04143946834055857  
-0.03071413976851336 -0.020087909561864244 0.0 -0.0011692116435753352 -0.0001321198808720819 0.1649467448097083 1.1987524576071908 -0.04143946834055857  
-0.03071413976851336 -0.020087909561864244 0.0 -0.0011692116435753352 -0.0001321198808720819 -0.002507022110461978 1.20920251066309 -0.04143946834055857  
-0.03071413976851336 -0.020087909561864244 0.0 -0.0011692116435753352 -0.0001321198808720819 -0.002507022110461978 0.14329709896137813 -0.04143946834055857  
-0.03071413976851336 -0.020087909561864244 0.0 -0.0011692116435753352 -0.0001321198808720819 0.176110329271053 0.15374715201727726 -0.04143946834055857  
-0.03071413976851336 -0.020087909561864244 0.0 -0.0011692116435753352 -0.0001321198808720819 -0.002507022110461978 0.21644747035267206 -0.04143946834055857  
-0.03071413976851336 -0.020087909561864244 0.0 -0.0011692116435753352 -0.0001321198808720819 -0.002507022110461978 0.2477976295203695 -0.04143946834055857  
-0.03071413976851336 -0.020087909561864244 0.0 -0.0011692116435753352 -0.0001321198808720819 -0.002507022110461978 0.17464725812907553 -0.04143946834055857  
-0.03071413976851336 -0.020087909561864244 0.0 -0.0011692116435753352 -0.0001321198808720819 -0.002507022110461978 0.18509731118497466 -0.04143946834055857  
-0.03071413976851336 -0.020087909561864244 0.0 -0.0011692116435753352 -0.0001321198808720819 -0.002507022110461978 0.6344495925886375 -0.04143946834055857  
-0.03071413976851336 -0.020087909561864244 0.0 -0.0011692116435753352 -0.0001321198808720819 -0.002507022110461978 -0.20155465188329336 -0.04143946834055857  
-0.03071413976851336 -0.020087909561864244 0.0 -0.0011692116435753352 -0.0001321198808720819 0.03098373127357208 1.2405526698307874 -0.04143946834055857  
-0.03071413976851336 -0.020087909561864244 0.0 -0.0011692116435753352 -0.0001321198808720819 -0.002507022110461978 1.2510027228866865 -0.04143946834055857  
-0.03071413976851336 -0.020087909561864244 0.0 -0.0011692116435753352 -0.0001321198808720819 0.07563806911895082 0.18509731118497466 -0.04143946834055857  
-0.03071413976851336 -0.020087909561864244 0.0 -0.0011692116435753352 -0.0001321198808720819 -0.002507022110461978 0.1955473642408738 -0.04143946834055857  
-0.03071413976851336 -0.020087909561864244 0.0 -0.0011692116435753352 -0.0001321198808720819 -0.002507022110461978 0.6762498048122341 -0.04143946834055857  
-0.03071413976851336 -0.020087909561864244 0.0 -0.0011692116435753352 -0.0001321198808720819 -0.002507022110461978 0.7075999639799314 -0.04143946834055857  
-0.03071413976851336 -0.020087909561864244 0.0 -0.0011692116435753352 -0.0001321198808720819 0.10912882250298488 0.21644747035267206 -0.04143946834055857  
-0.03071413976851336 -0.020087909561864244 0.0 -0.0011692116435753352 -0.0001321198808720819 -0.002507022110461978 0.2268975234085712 -0.04143946834055857  
-0.03071413976851336 -0.020087909561864244 0.0 -0.0011692116435753352 -0.0001321198808720819 -0.002507022110461978 0.6971499109240323 -0.04143946834055857  
-0.03071413976851336 -0.020087909561864244 0.0 -0.0011692116435753352 -0.0001321198808720819 0.35472768065256793 -0.253804917162789 -0.04143946834055857  
-0.03071413976851336 -0.020087909561864244 0.0 -0.0011692116435753352 -0.0001321198808720819 -0.002507022110461978 1.2301026167748883 -0.04143946834055857  
-0.03071413976851336 -0.020087909561864244 0.0 -0.0011692116435753352 -0.0001321198808720819 0.10912882250298488 -1.3719605941439965 -0.04143946834055857  
-0.03071413976851336 -0.020087909561864244 0.0 -0.0011692116435753352 -0.0001321198808720819 0.10912882250298488 -1.3510604880321984 -0.04143946834055857  
-0.03071413976851336 -0.020087909561864244 0.0 -0.0011692116435753352 -0.0001321198808720819 -0.002507022110461978 -0.19110459882739422 -0.04143946834055857  
-0.03071413976851336 -0.020087909561864244 0.0 -0.0011692116435753352 -0.0001321198808720819 -0.002507022110461978 -1.3824106471998958 -0.04143946834055857  
-0.03071413976851336 -0.020087909561864244 0.0 -0.0011692116435753352 -0.0001321198808720819 -0.002507022110461978 0.2268975234085712 -0.04143946834055857  
-0.03071413976851336 -0.020087909561864244 0.0 -0.0011692116435753352 -0.0001321198808720819 0.03098373127357208 -1.3719605941439965 -0.04143946834055857  
-0.03071413976851336 -0.020087909561864244 0.0 -0.0011692116435753352 -0.0001321198808720819 0.07563806911895082 0.23734757646447036 -0.04143946834055857  
-0.03071413976851336 -0.020087909561864244 0.0 -0.0011692116435753352 -0.0001321198808720819 -0.002507022110461978 -1.1525094799701148 -0.04143946834055857  
-0.03071413976851336 -0.020087909561864244 0.0 -0.0011692116435753352 -0.0001321198808720819 -0.002507022110461978 -1.1211593208024173 -0.04143946834055857  
-0.03071413976851336 -0.020087909561864244 0.0 -0.0011692116435753352 -0.0001321198808720819 -0.002507022110461978 0.2582476825762686 -0.04143946834055857  
-0.03071413976851336 -0.020087909561864244 0.0 -0.0011692116435753352 -0.0001321198808720819 0.10912882250298488 0.26869773563216776 -0.04143946834055857  
-0.03071413976851336 -0.020087909561864244 0.0 -0.0011692116435753352 -0.0001321198808720819 -0.002507022110461978 -0.9644085249639303 -0.04143946834055857  
-0.03071413976851336 -0.020087909561864244 0.0 -0.0011692116435753352 -0.0001321198808720819 0.3100733428071892 -0.9957586841316277 -0.04143946834055857  
-0.03071413976851336 -0.020087909561864244 0.0 -0.0011692116435753352 -0.0001321198808720819 0.03098373127357208 -0.870358047460838 -0.04143946834055857  
-0.03071413976851336 -0.020087909561864244 0.0 -0.0011692116435753352 -0.0001321198808720819 -0.002507022110461978 -0.8390078882931407 -0.04143946834055857  
-0.03071413976851336 -0.020087909561864244 0.0 -0.0011692116435753352 -0.0001321198808720819 -0.002507022110461978 -0.6927071455105528 -0.04143946834055857  
-0.03071413976851336 -0.020087909561864244 0.0 -0.0011692116435753352 -0.0001321198808720819 0.10912882250298488 -0.8181077821813424 -0.04143946834055857  
-0.03071413976851336 -0.020087909561864244 0.0 -0.0011692116435753352 -0.0001321198808720819 0.05331090019626145 0.33139805396756256 -0.04143946834055857  
-0.03071413976851336 -0.020087909561864244 0.0 -0.0011692116435753352 -0.0001321198808720819 0.05331090019626145 -0.7867576230136449 -0.04143946834055857  
-0.03071413976851336 -0.020087909561864244 0.0 -0.0011692116435753352 -0.0001321198808720819 0.10912882250298488 -0.7763075699577459 -0.04143946834055857  
-0.03071413976851336 -0.020087909561864244 0.0 -0.0011692116435753352 -0.0001321198808720819 0.10912882250298488 -0.7449574107900484 -0.04143946834055857  
-0.03071413976851336 -0.020087909561864244 0.0 -0.0011692116435753352 -0.0001321198808720819 0.07563806911895082 -0.22245475799509162 -0.04143946834055857  
-0.03071413976851336 -0.020087909561864244 0.0 -0.0011692116435753352 -0.0001321198808720819 0.03098373127357208 -0.7240573046782501 -0.04143946834055857  
-0.03071413976851336 -0.020087909561864244 0.0 -0.0011692116435753352 -0.0001321198808720819 -0.002507022110461978 -0.7136072516223511 -0.04143946834055857  
-0.03071413976851336 -0.020087909561864244 0.0 -0.0011692116435753352 -0.0001321198808720819 -0.002507022110461978 -0.7031571985664519 -0.04143946834055857  
-0.03071413976851336 -0.020087909561864244 0.0 -0.0011692116435753352 -0.0001321198808720819 -0.002507022110461978 -0.6927071455105528 -0.04143946834055857  
-0.03071413976851336 -0.020087909561864244 0.0 -0.0011692116435753352 -0.0001321198808720819 -0.002507022110461978 -0.1806545457714951 -0.04143946834055857  
-0.03071413976851336 -0.020087909561864244 0.0 -0.0011692116435753352 -0.0001321198808720819 -0.002507022110461978 0.8121004945389229 -0.04143946834055857  
-0.03071413976851336 -0.020087909561864244 0.0 -0.0011692116435753352 -0.0001321198808720819 0.03098373127357208 -1.340610434976299 -0.04143946834055857  
-0.03071413976851336 -0.020087909561864244 0.0 -0.0011692116435753352 -0.0001321198808720819 -0.002507022110461978 -1.3301603819204 -0.04143946834055857  
-0.03071413976851336 -0.020087909561864244 0.0 -0.0011692116435753352 -0.0001321198808720819 0.05331090019626145 0.2791477886880669 -0.04143946834055857  
-0.03071413976851336 -0.020087909561864244 0.0 -0.0011692116435753352 -0.0001321198808720819 -0.002507022110461978 0.289597841743966 -0.04143946834055857  
-0.03071413976851336 -0.020087909561864244 0.0 -0.0011692116435753352 -0.0001321198808720819 -0.002507022110461978 -0.43145581911307435 -0.04143946834055857  
-0.03071413976851336 -0.020087909561864244 0.0 -0.0011692116435753352 -0.0001321198808720819 -0.002507022110461978 -0.40010565994537695 -0.04143946834055857  
-0.03071413976851336 -0.020087909561864244 0.0 -0.0011692116435753352 -0.0001321198808720819 0.019820146812227393 0.3104979478557643 -0.04143946834055857  
-0.03071413976851336 -0.020087909561864244 0.0 -0.0011692116435753352 -0.0001321198808720819 0.10912882250298488 0.3209480009116634 -0.04143946834055857  
-0.03071413976851336 -0.020087909561864244 0.0 -0.0011692116435753352 -0.0001321198808720819 -0.002507022110461978 0.33139805396756256 -0.04143946834055857  
-0.03071413976851336 -0.020087909561864244 0.0 -0.0011692116435753352 -0.0001321198808720819 -0.002507022110461978 -0.05525390910070546 -0.04143946834055857  
-0.03071413976851336 -0.020087909561864244 0.0 -0.0011692116435753352 -0.0001321198808720819 -0.002507022110461978 -0.03435380298890719 -0.04143946834055857  
-0.03071413976851336 -0.020087909561864244 0.0 -0.0011692116435753352 -0.0001321198808720819 0.05331090019626145 -0.023903749933008055 -0.04143946834055857  
-0.03071413976851336 -0.020087909561864244 0.0 -0.0011692116435753352 -0.0001321198808720819 -0.002507022110461978 -0.013453696877108918 -0.04143946834055857  
-0.03071413976851336 -0.020087909561864244 0.0 -0.0011692116435753352 -0.0001321198808720819 -0.002507022110461978 0.8852508659302167 -0.04143946834055857  
-0.03071413976851336 -0.020087909561864244 0.0 -0.0011692116435753352 -0.0001321198808720819 -0.002507022110461978 0.9166010250979142 -0.04143946834055857  
-0.03071413976851336 -0.020087909561864244 0.0 -0.0011692116435753352 -0.0001321198808720819 -0.002507022110461978 0.9270510781538133 -0.04143946834055857  
-0.03071413976851336 -0.020087909561864244 0.0 -0.0011692116435753352 -0.0001321198808720819 -0.002507022110461978 0.9479511842656115 -0.04143946834055857  
-0.03071413976851336 -0.020087909561864244 0.0 -0.0011692116435753352 -0.0001321198808720819 -0.002507022110461978 0.9584012373215107 -0.04143946834055857  
-0.03071413976851336 -0.020087909561864244 0.0 -0.0011692116435753352 -0.0001321198808720819 -0.002507022110461978 0.979301343433309 -0.04143946834055857  
-0.03071413976851336 -0.020087909561864244 0.0 -0.0011692116435753352 -0.0001321198808720819 -0.002507022110461978 0.9897513964892081 -0.04143946834055857  
-0.03071413976851336 -0.020087909561864244 0.0 -0.0011692116435753352 -0.0001321198808720819 -0.002507022110461978 1.0211015556569056 -0.04143946834055857  
-0.03071413976851336 -0.020087909561864244 0.0 -0.0011692116435753352 -0.0001321198808720819 -0.002507022110461978 1.0420016617687038 -0.04143946834055857  
-0.03071413976851336 -0.020087909561864244 0.0 -0.0011692116435753352 -0.0001321198808720819 0.05331090019626145 -0.003003643821209782 -0.04143946834055857  
-0.03071413976851336 -0.020087909561864244 0.0 -0.0011692116435753352 -0.0001321198808720819 0.05331090019626145 0.0805967806259833 -0.04143946834055857  
-0.03071413976851336 -0.020087909561864244 0.0 -0.0011692116435753352 -0.0001321198808720819 -0.002507022110461978 0.21644747035267206 -0.04143946834055857  
-0.03071413976851336 -0.020087909561864244 0.0 -0.0011692116435753352 -0.0001321198808720819 0.05331090019626145 0.23734757646447036 -0.04143946834055857  
-0.03071413976851336 -0.020087909561864244 0.0 -0.0011692116435753352 -0.0001321198808720819 -0.002507022110461978 0.2582476825762686 -0.04143946834055857  
-0.03071413976851336 -0.020087909561864244 0.0 -0.0011692116435753352 -0.0001321198808720819 -0.002507022110461978 1.2405526698307874 -0.04143946834055857  
-0.03071413976851336 -0.020087909561864244 0.0 -0.0011692116435753352 -0.0001321198808720819 -0.002507022110461978 1.2719028289984848 -0.04143946834055857  
-0.03071413976851336 -0.020087909561864244 0.0 -0.0011692116435753352 -0.0001321198808720819 -0.002507022110461978 0.3104979478557643 -0.04143946834055857  
-0.03071413976851336 -0.020087909561864244 0.0 -0.0011692116435753352 -0.0001321198808720819 -0.002507022110461978 0.49859890286194875 -0.04143946834055857  
-0.03071413976851336 -0.020087909561864244 0.0 -0.0011692116435753352 -0.0001321198808720819 -0.002507022110461978 0.5299490620296462 -0.04143946834055857  
-0.03071413976851336 -0.020087909561864244 0.0 -0.0011692116435753352 -0.0001321198808720819 -0.002507022110461978 0.5403991150855453 -0.04143946834055857  
-0.03071413976851336 -0.020087909561864244 0.0 -0.0011692116435753352 -0.0001321198808720819 -0.002507022110461978 -1.3615105410880974 -0.04143946834055857  
-0.03071413976851336 -0.020087909561864244 0.0 -0.0011692116435753352 -0.0001321198808720819 -0.002507022110461978 0.5612992211973435 -0.04143946834055857  
-0.03071413976851336 -0.020087909561864244 0.0 -0.0011692116435753352 -0.0001321198808720819 -0.002507022110461978 0.6135494864768393 -0.04143946834055857  
-0.03071413976851336 -0.020087909561864244 0.0 -0.0011692116435753352 -0.0001321198808720819 -0.002507022110461978 0.6239995395327383 -0.04143946834055857  
-0.03071413976851336 -0.020087909561864244 0.0 -0.0011692116435753352 -0.0001321198808720819 -0.002507022110461978 0.4463486375824531 -0.04143946834055857  
-0.03071413976851336 -0.020087909561864244 0.0 -0.0011692116435753352 -0.0001321198808720819 -0.002507022110461978 -0.5464064027279648 -0.04143946834055857  
-0.03071413976851336 -0.020087909561864244 0.0 -0.0011692116435753352 -0.0001321198808720819 -0.002507022110461978 -0.5255062966161665 -0.04143946834055857  
-0.03071413976851336 -0.020087909561864244 0.0 -0.0011692116435753352 -0.0001321198808720819 -0.002507022110461978 0.6762498048122341 -0.04143946834055857  
-0.03071413976851336 -0.020087909561864244 0.0 -0.0011692116435753352 -0.0001321198808720819 -0.002507022110461978 -0.9330583657962329 -0.04143946834055857  
-0.03071413976851336 -0.020087909561864244 0.0 -0.0011692116435753352 -0.0001321198808720819 -0.002507022110461978 -0.9226083127403337 -0.04143946834055857  
-0.03071413976851336 -0.020087909561864244 0.0 -0.0011692116435753352 -0.0001321198808720819 0.019820146812227393 -0.2120047049391925 -0.04143946834055857  
-0.03071413976851336 -0.020087909561864244 0.0 -0.0011692116435753352 -0.0001321198808720819 -0.002507022110461978 -0.20155465188329336 -0.04143946834055857  
-0.03071413976851336 -0.020087909561864244 0.0 -0.0011692116435753352 -0.0001321198808720819 0.03098373127357208 0.4776987967501505 -0.04143946834055857  
-0.03071413976851336 -0.020087909561864244 0.0 -0.0011692116435753352 -0.0001321198808720819 -0.002507022110461978 -0.5046061905043683 -0.04143946834055857  
-0.03071413976851336 -0.020087909561864244 0.0 -0.0011692116435753352 -0.0001321198808720819 -0.002507022110461978 -0.4732560313366709 -0.04143946834055857  
